0xd935d9ff: 223.705, 352.085, 60.9836
0x4f354fff: 225.705, 352.085, 60.9836
0xb634b6ff: 228.295, 351.213, 59.0164
0xe135e1ff: 223.295, 350.311, 59.0164
0x5b355bff: 226.295, 350.311, 59.0164
0xb834b8ff: 228.885, 350.334, 57.0492
0xe935e9ff: 223.295, 349.41, 59.0164
0xc034c0ff: 228.885, 349.43, 57.0492
0xef35efff: 223.295, 348.508, 59.0164
0x653565ff: 224.705, 348.492, 60.9836
0x623562ff: 226.295, 348.508, 59.0164
0xc334c3ff: 228.885, 348.525, 57.0492
0x6b356bff: 225.885, 347.62, 57.0492
0xf135f1ff: 223.295, 346.705, 59.0164
0x753575ff: 225.885, 346.715, 57.0492
0xca34caff: 227.705, 346.695, 60.9836
0xca34caff: 228.295, 346.705, 59.0164
0xc834c8ff: 228.885, 346.715, 57.0492
0x1b341bff: 230.885, 345.81, 57.0492
0x1b341bff: 231.475, 345.816, 55.082
0x543354ff: 233.885, 345.81, 57.0492
0x7b357bff: 225.885, 344.905, 57.0492
0xdb34dbff: 228.475, 344.908, 55.082
0x1f341fff: 230.885, 344.905, 57.0492
0x543354ff: 234.475, 344.908, 55.082
0xdb34dbff: 228.475, 344, 55.082
0xda34daff: 229.066, 344, 53.1148
0x203420ff: 232.066, 344, 53.1148
0x5f335fff: 234.475, 344, 55.082
0x9a329aff: 235.885, 344, 57.0492
0xe734e7ff: 228.475, 343.092, 55.082
0xe634e6ff: 229.066, 343.089, 53.1148
0x6a336aff: 234.295, 343.098, 59.0164
0xe634e6ff: 228.475, 342.184, 55.082
0xe634e6ff: 229.066, 342.177, 53.1148
0xf334f3ff: 228.656, 341.256, 51.1475
0x3b343bff: 231.066, 341.266, 53.1148
0x3b343bff: 231.656, 341.256, 51.1475
0xbb32bbff: 237.066, 341.266, 53.1148
0xe431e4ff: 238.475, 341.275, 55.082
0xed31edff: 239.656, 340.341, 51.1475
0xfa31faff: 239.656, 339.426, 51.1475
0x343134ff: 240.656, 339.426, 51.1475
0x4e344eff: 231.246, 338.492, 49.1803
0x593459ff: 230.656, 337.597, 51.1475
0x583458ff: 231.066, 336.708, 53.1148
0x583458ff: 231.656, 336.682, 51.1475
0x8e338eff: 233.836, 336.63, 47.2131
0x553b55ff: 189.295, 335.885, 59.0164
0x553b55ff: 189.885, 335.856, 57.0492
0x553b55ff: 190.475, 335.826, 55.082
0x62806ff: 276.164, 336.092, 72.7869
0x62806ff: 276.754, 336.062, 70.8197
0xd73bd7ff: 186.885, 334.951, 57.0492
0xd73bd7ff: 187.475, 334.918, 55.082
0x5f3b5fff: 189.885, 334.951, 57.0492
0x5f3b5fff: 190.475, 334.918, 55.082
0xab33abff: 233.246, 334.82, 49.1803
0xa030a0ff: 244.836, 334.787, 47.2131
0xd128d1ff: 274.164, 335.213, 72.7869
0xd128d1ff: 274.754, 335.18, 70.8197
0xe280eff: 276.574, 335.246, 74.7541
0xe280eff: 277.164, 335.213, 72.7869
0xe280eff: 277.754, 335.18, 70.8197
0x4f264fff: 281.574, 335.246, 74.7541
0x4f264fff: 282.164, 335.213, 72.7869
0x4f264fff: 282.754, 335.18, 70.8197
0x6b256bff: 284.164, 335.213, 72.7869
0xd73bd7ff: 186.885, 334.046, 57.0492
0x5f3b5fff: 189.885, 334.046, 57.0492
0x5e3b5eff: 190.475, 334.01, 55.082
0xbc39bcff: 197.295, 334.082, 59.0164
0xbc39bcff: 197.885, 334.046, 57.0492
0xbc39bcff: 198.475, 334.01, 55.082
0xab33abff: 233.246, 333.902, 49.1803
0x412a41ff: 269.574, 334.37, 74.7541
0x802980ff: 271.574, 334.37, 74.7541
0x802980ff: 272.164, 334.334, 72.7869
0xd128d1ff: 274.164, 334.334, 72.7869
0xd028d0ff: 275.164, 334.334, 72.7869
0xf280fff: 277.164, 334.334, 72.7869
0xf280fff: 277.754, 334.298, 70.8197
0x572657ff: 282.164, 334.334, 72.7869
0x572657ff: 282.754, 334.298, 70.8197
0x722572ff: 284.164, 334.334, 72.7869
0x722572ff: 284.754, 334.298, 70.8197
0x722572ff: 285.344, 334.262, 68.8525
0x3b3c3bff: 184.295, 333.18, 59.0164
0x3a3c3aff: 184.885, 333.141, 57.0492
0xdf3bdfff: 186.885, 333.141, 57.0492
0xde3bdeff: 187.475, 333.102, 55.082
0xb133b1ff: 233.836, 332.944, 47.2131
0xed32edff: 235.836, 332.944, 47.2131
0xed32edff: 236.426, 332.905, 45.2459
0x4b2a4bff: 269.164, 333.456, 72.7869
0x862986ff: 272.164, 333.456, 72.7869
0xd528d5ff: 275.164, 333.456, 72.7869
0xa423a4ff: 291.115, 333.259, 62.9508
0x3a3c3aff: 184.295, 332.279, 59.0164
0x3a3c3aff: 184.885, 332.236, 57.0492
0xdf3bdfff: 186.885, 332.236, 57.0492
0xde3bdeff: 187.475, 332.193, 55.082
0x343934ff: 201.066, 332.151, 53.1148
0xed32edff: 235.836, 332.023, 47.2131
0x32b03ff: 266.574, 332.62, 74.7541
0x4a2a4aff: 269.574, 332.62, 74.7541
0x892989ff: 272.164, 332.577, 72.7869
0xd528d5ff: 274.574, 332.62, 74.7541
0xd528d5ff: 275.164, 332.577, 72.7869
0xc822c8ff: 293.115, 332.364, 62.9508
0x3f3c3fff: 184.295, 331.377, 59.0164
0xe93be9ff: 186.885, 331.331, 57.0492
0xe83be8ff: 187.475, 331.285, 55.082
0xf232f2ff: 236.246, 331.148, 49.1803
0x2f322fff: 238.836, 331.102, 47.2131
0x2f322fff: 239.426, 331.056, 45.2459
0xb2b0bff: 265.984, 331.79, 76.7213
0x542a54ff: 269.574, 331.744, 74.7541
0xdc28dcff: 275.164, 331.698, 72.7869
0x1f281fff: 277.164, 331.698, 72.7869
0x1f281fff: 277.754, 331.652, 70.8197
0xd621d6ff: 296.295, 331.377, 59.0164
0xd621d6ff: 296.885, 331.331, 57.0492
0x451645ff: 335.115, 331.469, 62.9508
0x7b157bff: 337.705, 331.423, 60.9836
0x3e3c3eff: 184.295, 330.475, 59.0164
0xe83be8ff: 186.885, 330.426, 57.0492
0xe83be8ff: 187.475, 330.377, 55.082
0x2f322fff: 238.836, 330.18, 47.2131
0x2e322eff: 239.426, 330.131, 45.2459
0x172b17ff: 265.984, 330.918, 76.7213
0x552a55ff: 268.574, 330.869, 74.7541
0x542a54ff: 269.574, 330.869, 74.7541
0x902990ff: 272.164, 330.82, 72.7869
0xdc28dcff: 274.574, 330.869, 74.7541
0xdc28dcff: 275.164, 330.82, 72.7869
0x1f281fff: 277.164, 330.82, 72.7869
0x1e281eff: 277.754, 330.77, 70.8197
0xe621e6ff: 296.885, 330.426, 57.0492
0x22102ff: 297.885, 330.426, 57.0492
0x22102ff: 298.475, 330.377, 55.082
0x511651ff: 333.525, 330.623, 64.918
0x4f164fff: 335.115, 330.574, 62.9508
0x941094ff: 354.246, 330.23, 49.1803
0xf13bf1ff: 186.295, 329.574, 59.0164
0xf13bf1ff: 186.885, 329.521, 57.0492
0x3b323bff: 239.426, 329.207, 45.2459
0x152b15ff: 265.984, 330.046, 76.7213
0x152b15ff: 266.574, 329.993, 74.7541
0x952995ff: 270.984, 330.046, 76.7213
0x952995ff: 271.574, 329.993, 74.7541
0xe428e4ff: 274.574, 329.993, 74.7541
0xe428e4ff: 275.164, 329.941, 72.7869
0x292829ff: 277.754, 329.889, 70.8197
0xfd17fdff: 328.344, 329.836, 68.8525
0xfe17feff: 329.344, 329.836, 68.8525
0x301730ff: 330.344, 329.836, 68.8525
0xd40fd4ff: 355.656, 329.364, 51.1475
0xd40fd4ff: 356.246, 329.311, 49.1803
0xf73bf7ff: 186.705, 328.728, 60.9836
0xf73bf7ff: 187.295, 328.672, 59.0164
0x383238ff: 239.426, 328.282, 45.2459
0x763176ff: 242.016, 328.226, 43.2787
0xe32be3ff: 262.984, 329.174, 76.7213
0xe52be5ff: 263.984, 329.174, 76.7213
0x1f2b1fff: 265.393, 329.23, 78.6885
0x1f2b1fff: 265.984, 329.174, 76.7213
0x1e2b1eff: 266.574, 329.118, 74.7541
0x942994ff: 270.984, 329.174, 76.7213
0x942994ff: 271.574, 329.118, 74.7541
0x942994ff: 272.164, 329.062, 72.7869
0xe228e2ff: 273.984, 329.174, 76.7213
0xe228e2ff: 274.574, 329.118, 74.7541
0x252825ff: 277.754, 329.007, 70.8197
0xfd17fdff: 328.344, 328.951, 68.8525
0xff17ffff: 329.344, 328.951, 68.8525
0x950d95ff: 362.836, 328.338, 47.2131
0x2b542bff: 45.1967, 327.18, 39.3443
0xfe53feff: 46.6066, 327.239, 41.3115
0xfe53feff: 47.1967, 327.18, 39.3443
0xf953f9ff: 48.1967, 327.18, 39.3443
0xbd53bdff: 50.1967, 327.18, 39.3443
0x775377ff: 51.6066, 327.239, 41.3115
0x873187ff: 242.016, 327.298, 43.2787
0xe12be1ff: 263.984, 328.302, 76.7213
0x1e2b1eff: 265.393, 328.361, 78.6885
0x1e2b1eff: 265.984, 328.302, 76.7213
0x9e299eff: 271.574, 328.243, 74.7541
0xf028f0ff: 273.984, 328.302, 76.7213
0xf028f0ff: 274.574, 328.243, 74.7541
0x312831ff: 275.984, 328.302, 76.7213
0x312831ff: 276.574, 328.243, 74.7541
0x792779ff: 280.344, 328.066, 68.8525
0xa726a7ff: 282.525, 327.948, 64.918
0xf618f6ff: 325.754, 328.125, 70.8197
0xf418f4ff: 326.754, 328.125, 70.8197
0x151815ff: 328.934, 328.007, 66.8852
0x9e0d9eff: 363.836, 327.416, 47.2131
0x9e0d9eff: 364.426, 327.357, 45.2459
0x2a542aff: 45.1967, 326.246, 39.3443
0xff53ffff: 47.1967, 326.246, 39.3443
0xff53ffff: 47.7869, 326.184, 37.377
0xc653c6ff: 50.1967, 326.246, 39.3443
0x7d537dff: 53.6066, 326.308, 41.3115
0x153b15ff: 192.475, 326.744, 55.082
0x153b15ff: 193.066, 326.682, 53.1148
0x843184ff: 241.426, 326.433, 45.2459
0x843184ff: 242.016, 326.37, 43.2787
0xe82be8ff: 263.984, 327.43, 76.7213
0x252b25ff: 266.574, 327.367, 74.7541
0x712a71ff: 268.393, 327.492, 78.6885
0x712a71ff: 268.984, 327.43, 76.7213
0xa729a7ff: 270.984, 327.43, 76.7213
0xa729a7ff: 271.574, 327.367, 74.7541
0xf618f6ff: 325.754, 327.243, 70.8197
0x80d08ff: 367.607, 326.308, 41.3115
0x315431ff: 44.6066, 325.377, 41.3115
0x315431ff: 45.1967, 325.311, 39.3443
0x95409ff: 47.7869, 325.246, 37.377
0xcf53cfff: 50.1967, 325.311, 39.3443
0x7e537eff: 53.1967, 325.311, 39.3443
0x335333ff: 54.6066, 325.377, 41.3115
0x943a94ff: 194.066, 325.77, 53.1148
0x943a94ff: 194.656, 325.705, 51.1475
0x293029ff: 247.607, 325.377, 41.3115
0x222b22ff: 266.574, 326.492, 74.7541
0x6f2a6fff: 268.393, 326.623, 78.6885
0x6f2a6fff: 268.984, 326.557, 76.7213
0xed19edff: 323.393, 326.623, 78.6885
0xec19ecff: 323.984, 326.557, 76.7213
0x6a0c6aff: 369.016, 325.443, 43.2787
0x6a0c6aff: 369.607, 325.377, 41.3115
0x315431ff: 44.6066, 324.446, 41.3115
0x305430ff: 45.1967, 324.377, 39.3443
0x95409ff: 47.1967, 324.377, 39.3443
0x85408ff: 47.7869, 324.308, 37.377
0xcf53cfff: 50.7869, 324.308, 37.377
0x8c538cff: 52.6066, 324.446, 41.3115
0x8c538cff: 53.1967, 324.377, 39.3443
0x9b3a9bff: 195.066, 324.859, 53.1148
0xd630d6ff: 244.016, 324.515, 43.2787
0xd630d6ff: 244.607, 324.446, 41.3115
0x293029ff: 247.016, 324.515, 43.2787
0x293029ff: 247.607, 324.446, 41.3115
0xde24deff: 288.295, 325.066, 59.0164
0xb91ab9ff: 320.803, 325.823, 80.6557
0xec19ecff: 323.393, 325.754, 78.6885
0x590b59ff: 374.197, 324.377, 39.3443
0x590b59ff: 374.787, 324.308, 37.377
0x500650ff: 405.475, 324.928, 55.082
0xb305b3ff: 408.066, 324.859, 53.1148
0x365436ff: 45.1967, 323.443, 39.3443
0x115411ff: 47.1967, 323.443, 39.3443
0x115411ff: 47.7869, 323.37, 37.377
0xd653d6ff: 50.7869, 323.37, 37.377
0x93a09ff: 197.656, 323.875, 51.1475
0x93a09ff: 198.246, 323.803, 49.1803
0x3a303aff: 247.607, 323.515, 41.3115
0x132313ff: 293.066, 323.948, 53.1148
0x6e1c6eff: 315.607, 323.515, 41.3115
0x510651ff: 405.475, 324.02, 55.082
0xbf05bfff: 408.066, 323.948, 53.1148
0xbf05bfff: 408.656, 323.875, 51.1475
0x365436ff: 44.6066, 322.584, 41.3115
0x365436ff: 45.1967, 322.508, 39.3443
0x115411ff: 47.1967, 322.508, 39.3443
0x105410ff: 47.7869, 322.433, 37.377
0xd653d6ff: 49.6066, 322.584, 41.3115
0xd653d6ff: 50.1967, 322.508, 39.3443
0xd653d6ff: 50.7869, 322.433, 37.377
0x113a11ff: 198.246, 322.885, 49.1803
0xfa35faff: 222.197, 322.508, 39.3443
0xfa35faff: 222.787, 322.433, 37.377
0x453045ff: 247.016, 322.659, 43.2787
0x952f95ff: 248.607, 322.584, 41.3115
0x132313ff: 293.066, 323.036, 53.1148
0x781c78ff: 315.607, 322.584, 41.3115
0xa41ba4ff: 317.016, 322.659, 43.2787
0xa41ba4ff: 317.607, 322.584, 41.3115
0x7a127aff: 347.475, 323.111, 55.082
0x7a127aff: 348.066, 323.036, 53.1148
0x590659ff: 404.885, 323.187, 57.0492
0x5b065bff: 405.475, 323.111, 55.082
0x1b541bff: 46.6066, 321.652, 41.3115
0x1b541bff: 47.1967, 321.574, 39.3443
0x1b541bff: 47.7869, 321.495, 37.377
0xe053e0ff: 49.1967, 321.574, 39.3443
0xe053e0ff: 49.7869, 321.495, 37.377
0xdf53dfff: 50.7869, 321.495, 37.377
0x5300ff: 58.1967, 321.574, 39.3443
0xed38edff: 203.016, 321.731, 43.2787
0x8a358aff: 224.377, 321.416, 35.4098
0x952f95ff: 248.607, 321.652, 41.3115
0x2d222dff: 295.656, 322.046, 51.1475
0xd51ad5ff: 320.197, 321.574, 39.3443
0xd41ad4ff: 321.197, 321.574, 39.3443
0x4b134bff: 345.475, 322.203, 55.082
0x871287ff: 348.066, 322.125, 53.1148
0xb511b5ff: 350.656, 322.046, 51.1475
0xb511b5ff: 351.246, 321.967, 49.1803
0x6c096cff: 385.377, 321.416, 35.4098
0x6c096cff: 385.967, 321.338, 33.4426
0x590659ff: 404.885, 322.282, 57.0492
0x590659ff: 405.475, 322.203, 55.082
0x215421ff: 47.1967, 320.639, 39.3443
0xdf53dfff: 50.1967, 320.639, 39.3443
0xdf53dfff: 50.7869, 320.557, 37.377
0x5300ff: 57.6066, 320.721, 41.3115
0x5300ff: 58.1967, 320.639, 39.3443
0xa32fa3ff: 249.607, 320.721, 41.3115
0x402b40ff: 266.197, 320.639, 39.3443
0x181a18ff: 322.607, 320.721, 41.3115
0x181a18ff: 323.197, 320.639, 39.3443
0xc100cff: 354.836, 320.967, 47.2131
0xc100cff: 355.426, 320.885, 45.2459
0xf808f8ff: 389.148, 320.23, 29.5082
0xec53ecff: 48.6066, 319.79, 41.3115
0xec53ecff: 49.1967, 319.705, 39.3443
0xec53ecff: 49.7869, 319.62, 37.377
0xbb52bbff: 61.1967, 319.705, 39.3443
0x703870ff: 205.016, 319.875, 43.2787
0x6f386fff: 206.016, 319.875, 43.2787
0xf537f5ff: 209.197, 319.705, 39.3443
0xa12fa1ff: 249.607, 319.79, 41.3115
0xea2eeaff: 251.607, 319.79, 41.3115
0xea2eeaff: 252.197, 319.705, 39.3443
0x862a86ff: 268.197, 319.705, 39.3443
0x312231ff: 296.475, 320.387, 55.082
0x512151ff: 299.246, 320.131, 49.1803
0x551855ff: 327.377, 319.534, 35.4098
0x131013ff: 356.246, 320.131, 49.1803
0x5b0f5bff: 359.016, 319.875, 43.2787
0x8c088cff: 390.557, 319.364, 31.4754
0x8c088cff: 391.148, 319.279, 29.5082
0xd802d8ff: 420.836, 320.046, 47.2131
0xd802d8ff: 421.426, 319.961, 45.2459
0xf353f3ff: 50.1967, 318.77, 39.3443
0xaf53afff: 52.7869, 318.682, 37.377
0xbc52bcff: 60.7869, 318.682, 37.377
0xff37ffff: 207.016, 318.948, 43.2787
0x663466ff: 230.557, 318.416, 31.4754
0xf92ef9ff: 251.607, 318.859, 41.3115
0x882a88ff: 268.787, 318.682, 37.377
0x752075ff: 300.656, 319.302, 51.1475
0x7c207cff: 301.426, 319.036, 45.2459
0x920e92ff: 361.836, 319.125, 47.2131
0xda0ddaff: 362.607, 318.859, 41.3115
0xda0ddaff: 363.197, 318.77, 39.3443
0xda0ddaff: 363.787, 318.682, 37.377
0x60806ff: 394.738, 318.239, 27.541
0xe002e0ff: 421.426, 319.036, 45.2459
0xe002e0ff: 422.016, 318.948, 43.2787
0xac53acff: 51.6066, 317.928, 41.3115
0xac53acff: 52.1967, 317.836, 39.3443
0xac53acff: 52.7869, 317.744, 37.377
0x585258ff: 63.1967, 317.836, 39.3443
0x585258ff: 63.7869, 317.744, 37.377
0xf82ef8ff: 251.607, 317.928, 41.3115
0xf72ef7ff: 252.607, 317.928, 41.3115
0x502e50ff: 255.197, 317.836, 39.3443
0xa31fa3ff: 303.246, 318.295, 49.1803
0xa31fa3ff: 303.836, 318.203, 47.2131
0xa31fa3ff: 304.426, 318.111, 45.2459
0x991699ff: 333.557, 317.469, 31.4754
0xe30de3ff: 364.607, 317.928, 41.3115
0xa30ca3ff: 369.787, 317.744, 37.377
0x480548ff: 410.656, 318.387, 51.1475
0x640264ff: 424.016, 318.02, 43.2787
0x640264ff: 424.607, 317.928, 41.3115
0xb753b7ff: 52.6066, 316.997, 41.3115
0xb753b7ff: 53.1967, 316.902, 39.3443
0x675367ff: 55.1967, 316.902, 39.3443
0x675367ff: 55.7869, 316.807, 37.377
0xda51daff: 66.7869, 316.807, 37.377
0x3a373aff: 214.377, 316.711, 35.4098
0xfd32fdff: 235.557, 316.521, 31.4754
0x413241ff: 236.967, 316.616, 33.4426
0x5f2e5fff: 255.197, 316.902, 39.3443
0x2900ff: 274.377, 316.711, 35.4098
0xe51ee5ff: 307.016, 317.092, 43.2787
0x9e0c9eff: 368.197, 316.902, 39.3443
0x9e0c9eff: 368.787, 316.807, 37.377
0x9e0c9eff: 369.377, 316.711, 35.4098
0x340734ff: 399.148, 316.426, 29.5082
0x340734ff: 399.738, 316.331, 27.541
0xac04acff: 413.426, 317.187, 45.2459
0xb753b7ff: 52.6066, 316.066, 41.3115
0xb653b6ff: 53.1967, 315.967, 39.3443
0x655365ff: 54.1967, 315.967, 39.3443
0x675367ff: 55.1967, 315.967, 39.3443
0x665366ff: 55.7869, 315.869, 37.377
0x605260ff: 63.7869, 315.869, 37.377
0x705170ff: 68.1967, 315.967, 39.3443
0x705170ff: 68.7869, 315.869, 37.377
0x3a373aff: 213.787, 315.869, 37.377
0x3a373aff: 214.377, 315.77, 35.4098
0x4a324aff: 237.557, 315.574, 31.4754
0x4a324aff: 238.148, 315.475, 29.5082
0x5c2e5cff: 255.197, 315.967, 39.3443
0xb62db6ff: 257.787, 315.869, 37.377
0x442844ff: 275.787, 315.869, 37.377
0x442844ff: 276.377, 315.77, 35.4098
0x1a1e1aff: 310.016, 316.164, 43.2787
0xa50ca5ff: 369.607, 316.066, 41.3115
0x150c15ff: 372.377, 315.77, 35.4098
0x910b91ff: 375.377, 315.77, 35.4098
0x680668ff: 404.328, 315.279, 25.5738
0xac04acff: 412.836, 316.361, 47.2131
0xac04acff: 413.426, 316.262, 45.2459
0x840184ff: 428.607, 316.066, 41.3115
0x840184ff: 429.197, 315.967, 39.3443
0xb953b9ff: 53.1967, 315.033, 39.3443
0x715371ff: 54.1967, 315.033, 39.3443
0x715371ff: 54.7869, 314.931, 37.377
0xd152d1ff: 61.377, 314.83, 35.4098
0xee50eeff: 72.1967, 315.033, 39.3443
0x695069ff: 73.1967, 315.033, 39.3443
0xe936e9ff: 215.377, 314.83, 35.4098
0xe936e9ff: 215.967, 314.728, 33.4426
0xc12dc1ff: 256.607, 315.134, 41.3115
0xc12dc1ff: 257.197, 315.033, 39.3443
0xdf1bdfff: 318.033, 317.472, 86.5574
0x191b19ff: 319.443, 317.574, 88.5246
0x191b19ff: 320.033, 317.472, 86.5574
0x711d71ff: 312.197, 315.033, 39.3443
0x80b08ff: 378.197, 315.033, 39.3443
0x900a90ff: 378.967, 314.728, 33.4426
0x900a90ff: 379.557, 314.626, 31.4754
0x900a90ff: 380.148, 314.525, 29.5082
0xf705f7ff: 406.328, 314.321, 25.5738
0x180418ff: 414.426, 315.338, 45.2459
0x190419ff: 415.426, 315.338, 45.2459
0x190419ff: 416.016, 315.236, 43.2787
0x8f018fff: 429.607, 315.134, 41.3115
0x705370ff: 54.6066, 314.203, 41.3115
0x225322ff: 57.1967, 314.098, 39.3443
0x225322ff: 57.7869, 313.993, 37.377
0x215321ff: 58.7869, 313.993, 37.377
0xd152d1ff: 60.7869, 313.993, 37.377
0xd152d1ff: 61.377, 313.889, 35.4098
0x645264ff: 63.1967, 314.098, 39.3443
0x645264ff: 63.7869, 313.993, 37.377
0x705070ff: 73.1967, 314.098, 39.3443
0x705070ff: 73.7869, 313.993, 37.377
0xed36edff: 216.377, 313.889, 35.4098
0x9d369dff: 218.967, 313.784, 33.4426
0x9d369dff: 219.557, 313.679, 31.4754
0xea30eaff: 243.148, 313.574, 29.5082
0xea30eaff: 243.738, 313.469, 27.541
0xbf2dbfff: 257.607, 314.203, 41.3115
0x72d07ff: 259.787, 313.993, 37.377
0x72d07ff: 260.377, 313.889, 35.4098
0xae1caeff: 313.607, 314.203, 41.3115
0xae1caeff: 314.197, 314.098, 39.3443
0xae1caeff: 314.787, 313.993, 37.377
0xf805f8ff: 407.328, 313.364, 25.5738
0xf805f8ff: 407.918, 313.259, 23.6066
0x5c055cff: 409.328, 313.364, 25.5738
0x5c055cff: 409.918, 313.259, 23.6066
0x5c055cff: 410.508, 313.154, 21.6393
0x1f041fff: 416.426, 314.413, 45.2459
0x930393ff: 419.016, 314.308, 43.2787
0x900190ff: 428.607, 314.203, 41.3115
0x900190ff: 429.197, 314.098, 39.3443
0xc600c6ff: 434.967, 313.784, 33.4426
0x770077ff: 436.967, 313.784, 33.4426
0x790079ff: 437.967, 313.784, 33.4426
0x360036ff: 439.967, 313.784, 33.4426
0x2d532dff: 57.1967, 313.164, 39.3443
0x2d532dff: 57.7869, 313.056, 37.377
0xdd52ddff: 60.1967, 313.164, 39.3443
0xdd52ddff: 60.7869, 313.056, 37.377
0x55105ff: 71.1967, 313.164, 39.3443
0x55105ff: 71.7869, 313.056, 37.377
0x735073ff: 74.7869, 313.056, 37.377
0x983698ff: 217.787, 313.056, 37.377
0x983698ff: 218.377, 312.948, 35.4098
0x983698ff: 218.967, 312.839, 33.4426
0x132d13ff: 258.607, 313.272, 41.3115
0x132d13ff: 259.197, 313.164, 39.3443
0x132d13ff: 259.787, 313.056, 37.377
0xc426c4ff: 281.967, 312.839, 33.4426
0xc426c4ff: 282.557, 312.731, 31.4754
0xb71cb7ff: 315.197, 313.164, 39.3443
0xff1bffff: 317.787, 313.056, 37.377
0xc011c0ff: 349.738, 312.515, 27.541
0xc011c0ff: 350.328, 312.407, 25.5738
0xe610e6ff: 351.738, 312.515, 27.541
0xe610e6ff: 352.328, 312.407, 25.5738
0x9c099cff: 384.557, 312.731, 31.4754
0x9c099cff: 385.148, 312.623, 29.5082
0x9b099bff: 386.148, 312.623, 29.5082
0x280928ff: 387.557, 312.731, 31.4754
0x280928ff: 388.148, 312.623, 29.5082
0x280928ff: 388.738, 312.515, 27.541
0x600ff: 407.918, 312.298, 23.6066
0x300ff: 420.016, 313.38, 43.2787
0x300ff: 420.607, 313.272, 41.3115
0x300ff: 421.197, 313.164, 39.3443
0xc020cff: 426.607, 313.272, 41.3115
0xc020cff: 427.197, 313.164, 39.3443
0xd100d1ff: 434.377, 312.948, 35.4098
0x3f003fff: 439.967, 312.839, 33.4426
0x2b532bff: 58.1967, 312.23, 39.3443
0xdb52dbff: 60.7869, 312.118, 37.377
0x6b526bff: 63.7869, 312.118, 37.377
0x55105ff: 71.1967, 312.23, 39.3443
0x45104ff: 71.7869, 312.118, 37.377
0x7b507bff: 74.7869, 312.118, 37.377
0x9f369fff: 219.377, 312.007, 35.4098
0x473647ff: 222.148, 311.672, 29.5082
0xb02fb0ff: 248.738, 311.561, 27.541
0xb02fb0ff: 249.328, 311.449, 25.5738
0x532c53ff: 262.787, 312.118, 37.377
0xf424f4ff: 286.967, 311.895, 33.4426
0xf424f4ff: 287.557, 311.784, 31.4754
0x601a60ff: 321.787, 312.118, 37.377
0x601a60ff: 322.377, 312.007, 35.4098
0x601a60ff: 322.967, 311.895, 33.4426
0xee10eeff: 352.328, 311.449, 25.5738
0xee10eeff: 352.918, 311.338, 23.6066
0xa309a3ff: 386.148, 311.672, 29.5082
0x350935ff: 388.738, 311.561, 27.541
0xc404c4ff: 412.918, 311.338, 23.6066
0xc404c4ff: 413.508, 311.226, 21.6393
0x240424ff: 414.918, 311.338, 23.6066
0x240424ff: 415.508, 311.226, 21.6393
0x50305ff: 421.016, 312.452, 43.2787
0x50305ff: 421.607, 312.341, 41.3115
0x8d028dff: 424.197, 312.23, 39.3443
0x3e003eff: 440.377, 312.007, 35.4098
0x130013ff: 441.377, 312.007, 35.4098
0x120012ff: 441.967, 311.895, 33.4426
0xe752e7ff: 59.1967, 311.295, 39.3443
0xe752e7ff: 59.7869, 311.18, 37.377
0xe752e7ff: 60.377, 311.066, 35.4098
0xfa4ffaff: 77.7869, 311.18, 37.377
0xca35caff: 223.557, 310.836, 31.4754
0xc935c9ff: 224.557, 310.836, 31.4754
0x102f10ff: 251.328, 310.492, 25.5738
0xfc24fcff: 287.557, 310.836, 31.4754
0xe240eff: 290.557, 310.836, 31.4754
0x2b232bff: 291.557, 310.836, 31.4754
0x6b1a6bff: 323.377, 311.066, 35.4098
0x640f64ff: 358.328, 310.492, 25.5738
0x640f64ff: 358.918, 310.377, 23.6066
0xa20ea2ff: 360.328, 310.492, 25.5738
0xa20ea2ff: 360.918, 310.377, 23.6066
0x340834ff: 392.738, 310.607, 27.541
0x340834ff: 393.328, 310.492, 25.5738
0x330833ff: 394.328, 310.492, 25.5738
0x300430ff: 414.918, 310.377, 23.6066
0x300430ff: 415.508, 310.262, 21.6393
0x9d039dff: 416.918, 310.377, 23.6066
0x9c039cff: 417.918, 310.377, 23.6066
0x180218ff: 426.016, 311.525, 43.2787
0x180218ff: 426.607, 311.41, 41.3115
0x170217ff: 427.197, 311.295, 39.3443
0xa301a3ff: 428.607, 311.41, 41.3115
0xa301a3ff: 429.197, 311.295, 39.3443
0x480048ff: 439.377, 311.066, 35.4098
0x480048ff: 439.967, 310.951, 33.4426
0xe552e5ff: 60.6066, 310.479, 41.3115
0xe552e5ff: 61.1967, 310.361, 39.3443
0x745274ff: 62.1967, 310.361, 39.3443
0x755275ff: 63.1967, 310.361, 39.3443
0x755275ff: 63.7869, 310.243, 37.377
0x85108ff: 71.1967, 310.361, 39.3443
0x85108ff: 71.7869, 310.243, 37.377
0x724f72ff: 79.1967, 310.361, 39.3443
0x724f72ff: 79.7869, 310.243, 37.377
0xd535d5ff: 224.557, 309.889, 31.4754
0x6e2e6eff: 254.328, 309.534, 25.5738
0x6e2e6eff: 254.918, 309.416, 23.6066
0xce2dceff: 256.328, 309.534, 25.5738
0xce2dceff: 256.918, 309.416, 23.6066
0x872b87ff: 265.787, 310.243, 37.377
0xbf2abfff: 268.377, 310.125, 35.4098
0x2e232eff: 292.557, 309.889, 31.4754
0x2e232eff: 293.148, 309.77, 29.5082
0x3c223cff: 294.557, 309.889, 31.4754
0x3c223cff: 295.148, 309.77, 29.5082
0x981898ff: 327.557, 309.889, 31.4754
0x971897ff: 328.557, 309.889, 31.4754
0xac0eacff: 360.918, 309.416, 23.6066
0xef0defff: 362.328, 309.534, 25.5738
0x320432ff: 416.098, 309.18, 19.6721
0x9e039eff: 418.508, 309.298, 21.6393
0x1f021fff: 427.197, 310.361, 39.3443
0xaf01afff: 428.607, 310.479, 41.3115
0xaf01afff: 429.197, 310.361, 39.3443
0xe700e7ff: 433.787, 310.243, 37.377
0xe700e7ff: 434.377, 310.125, 35.4098
0x970097ff: 436.377, 310.125, 35.4098
0x7e527eff: 63.1967, 309.426, 39.3443
0x55205ff: 65.7869, 309.305, 37.377
0xc510cff: 71.7869, 309.305, 37.377
0x403540ff: 226.557, 308.941, 31.4754
0x993499ff: 230.148, 308.82, 29.5082
0xba2abaff: 266.787, 309.305, 37.377
0xba2abaff: 267.377, 309.184, 35.4098
0xec29ecff: 270.377, 309.184, 35.4098
0xec29ecff: 270.967, 309.062, 33.4426
0xae17aeff: 330.557, 308.941, 31.4754
0xf20df2ff: 363.508, 308.334, 21.6393
0xf20df2ff: 364.098, 308.213, 19.6721
0x540d54ff: 365.918, 308.456, 23.6066
0x540d54ff: 366.508, 308.334, 21.6393
0xc607c6ff: 395.738, 308.698, 27.541
0xc507c5ff: 396.738, 308.698, 27.541
0xd520dff: 65.7869, 308.367, 37.377
0xd520dff: 66.377, 308.243, 35.4098
0x955195ff: 68.1967, 308.492, 39.3443
0x955195ff: 68.7869, 308.367, 37.377
0xc510cff: 71.1967, 308.492, 39.3443
0xc510cff: 71.7869, 308.367, 37.377
0x493549ff: 227.557, 307.993, 31.4754
0xa934a9ff: 230.148, 307.869, 29.5082
0x8e2b8eff: 264.918, 307.495, 23.6066
0x8e2b8eff: 265.508, 307.37, 21.6393
0xf829f8ff: 270.377, 308.243, 35.4098
0x662166ff: 298.148, 307.869, 29.5082
0x662166ff: 298.738, 307.744, 27.541
0xac1facff: 303.148, 307.869, 29.5082
0xac1facff: 303.738, 307.744, 27.541
0xd816d8ff: 333.148, 307.869, 29.5082
0xd716d7ff: 334.148, 307.869, 29.5082
0xb20cb2ff: 368.508, 307.37, 21.6393
0x610761ff: 397.738, 307.744, 27.541
0x610761ff: 398.328, 307.62, 25.5738
0x620762ff: 399.328, 307.62, 25.5738
0x920292ff: 423.918, 307.495, 23.6066
0x210221ff: 424.918, 307.495, 23.6066
0x945194ff: 67.7869, 307.43, 37.377
0x945194ff: 68.377, 307.302, 35.4098
0x125112ff: 71.7869, 307.43, 37.377
0x664e66ff: 84.7869, 307.43, 37.377
0xf233f2ff: 232.148, 306.918, 29.5082
0x353335ff: 235.738, 306.79, 27.541
0xce2aceff: 267.508, 306.407, 21.6393
0x2e292eff: 272.377, 307.302, 35.4098
0x2e292eff: 272.967, 307.174, 33.4426
0xb61fb6ff: 303.738, 306.79, 27.541
0xf31ef3ff: 305.148, 306.918, 29.5082
0x81608ff: 336.148, 306.918, 29.5082
0xb60cb6ff: 369.098, 306.279, 19.6721
0x1e0c1eff: 371.508, 306.407, 21.6393
0x1e0c1eff: 372.098, 306.279, 19.6721
0x980b98ff: 374.098, 306.279, 19.6721
0x9c069cff: 403.918, 306.534, 23.6066
0x9b069bff: 404.918, 306.534, 23.6066
0x280228ff: 425.508, 306.407, 21.6393
0x9d519dff: 68.7869, 306.492, 37.377
0x654e65ff: 85.377, 306.361, 35.4098
0xd04dd0ff: 87.1967, 306.623, 39.3443
0xd04dd0ff: 87.7869, 306.492, 37.377
0xfb33fbff: 233.148, 305.967, 29.5082
0xd22ad2ff: 268.098, 305.311, 19.6721
0x42a04ff: 270.508, 305.443, 21.6393
0x42a04ff: 271.098, 305.311, 19.6721
0x3e293eff: 272.508, 305.443, 21.6393
0x3e293eff: 273.098, 305.311, 19.6721
0x281e28ff: 308.738, 305.836, 27.541
0x281e28ff: 309.328, 305.705, 25.5738
0x7a1d7aff: 311.148, 305.967, 29.5082
0x7a1d7aff: 311.738, 305.836, 27.541
0x7a1d7aff: 312.328, 305.705, 25.5738
0x331533ff: 339.148, 305.967, 29.5082
0x531453ff: 341.738, 305.836, 27.541
0x260c26ff: 372.098, 305.311, 19.6721
0xa00ba0ff: 374.508, 305.443, 21.6393
0xa00ba0ff: 375.098, 305.311, 19.6721
0x1e0b1eff: 376.508, 305.443, 21.6393
0xa206a2ff: 404.738, 305.836, 27.541
0xa602a6ff: 423.508, 305.443, 21.6393
0xa602a6ff: 424.098, 305.311, 19.6721
0x1e511eff: 70.7869, 305.554, 37.377
0x1d511dff: 71.7869, 305.554, 37.377
0x965096ff: 74.377, 305.42, 35.4098
0x504d50ff: 90.1967, 305.689, 39.3443
0x893289ff: 237.738, 304.882, 27.541
0x893289ff: 238.328, 304.748, 25.5738
0xc2a0cff: 271.098, 304.344, 19.6721
0x462946ff: 273.508, 304.479, 21.6393
0x902890ff: 275.508, 304.479, 21.6393
0xb627b6ff: 278.557, 305.151, 31.4754
0xb527b5ff: 279.557, 305.151, 31.4754
0xc61cc6ff: 314.328, 304.748, 25.5738
0xb1c0bff: 315.738, 304.882, 27.541
0x5d145dff: 340.557, 305.151, 31.4754
0x5d145dff: 341.148, 305.016, 29.5082
0x200b20ff: 377.098, 304.344, 19.6721
0xa40aa4ff: 380.098, 304.344, 19.6721
0x200a20ff: 382.098, 304.344, 19.6721
0x200a20ff: 382.689, 304.21, 17.7049
0x270627ff: 406.918, 304.613, 23.6066
0x270627ff: 407.508, 304.479, 21.6393
0x830583ff: 409.918, 304.613, 23.6066
0x830583ff: 410.508, 304.479, 21.6393
0xc201c2ff: 428.508, 304.479, 21.6393
0xc201c2ff: 429.098, 304.344, 19.6721
0x255125ff: 71.7869, 304.616, 37.377
0xa450a4ff: 74.377, 304.479, 35.4098
0x195019ff: 77.377, 304.479, 35.4098
0xdc4ddcff: 87.7869, 304.616, 37.377
0x514d51ff: 89.7869, 304.616, 37.377
0xdb31dbff: 241.328, 303.79, 25.5738
0x922892ff: 276.098, 303.377, 19.6721
0xca27caff: 279.098, 303.377, 19.6721
0xfa26faff: 280.508, 303.515, 21.6393
0xfa26faff: 281.098, 303.377, 19.6721
0x441b44ff: 319.918, 303.652, 23.6066
0x741a74ff: 321.918, 303.652, 23.6066
0x741a74ff: 322.508, 303.515, 21.6393
0x9e199eff: 323.918, 303.652, 23.6066
0x9e199eff: 324.508, 303.515, 21.6393
0x9e199eff: 325.098, 303.377, 19.6721
0xbf12bfff: 347.328, 303.79, 25.5738
0xea11eaff: 349.328, 303.79, 25.5738
0xe911e9ff: 350.328, 303.79, 25.5738
0xd110dff: 352.918, 303.652, 23.6066
0x260b26ff: 377.689, 303.239, 17.7049
0x2c0a2cff: 382.098, 303.377, 19.6721
0x2a0a2aff: 383.098, 303.377, 19.6721
0xac09acff: 384.508, 303.515, 21.6393
0x8e058eff: 408.918, 303.652, 23.6066
0x8f058fff: 409.918, 303.652, 23.6066
0xed04edff: 411.328, 303.79, 25.5738
0xed04edff: 411.918, 303.652, 23.6066
0xed04edff: 412.508, 303.515, 21.6393
0x650165ff: 430.508, 303.515, 21.6393
0x650165ff: 431.098, 303.377, 19.6721
0x650165ff: 431.689, 303.239, 17.7049
0xf700f7ff: 433.098, 303.377, 19.6721
0xa250a2ff: 73.1967, 303.82, 39.3443
0xa250a2ff: 73.7869, 303.679, 37.377
0xa150a1ff: 74.7869, 303.679, 37.377
0x155015ff: 77.377, 303.538, 35.4098
0x233123ff: 243.328, 302.833, 25.5738
0xd227d2ff: 279.098, 302.41, 19.6721
0x62706ff: 281.098, 302.41, 19.6721
0x42704ff: 282.098, 302.41, 19.6721
0x1a261aff: 283.508, 302.551, 21.6393
0xa619a6ff: 324.918, 302.692, 23.6066
0xa619a6ff: 325.508, 302.551, 21.6393
0xb018b0ff: 327.918, 302.692, 23.6066
0xb018b0ff: 328.508, 302.551, 21.6393
0xbc17bcff: 329.918, 302.692, 23.6066
0xbc17bcff: 330.508, 302.551, 21.6393
0xe516e5ff: 331.918, 302.692, 23.6066
0xc912c9ff: 347.738, 302.974, 27.541
0xf511f5ff: 348.738, 302.974, 27.541
0xf511f5ff: 349.328, 302.833, 25.5738
0x191119ff: 351.738, 302.974, 27.541
0x191119ff: 352.328, 302.833, 25.5738
0xaa0aaaff: 380.098, 302.41, 19.6721
0x2c0a2cff: 381.508, 302.551, 21.6393
0x2c0a2cff: 382.098, 302.41, 19.6721
0x2c0a2cff: 382.689, 302.269, 17.7049
0xae09aeff: 385.098, 302.41, 19.6721
0xae09aeff: 385.689, 302.269, 17.7049
0x3c093cff: 387.689, 302.269, 17.7049
0xbc08bcff: 390.098, 302.41, 19.6721
0xbc08bcff: 390.689, 302.269, 17.7049
0xf304f3ff: 412.508, 302.551, 21.6393
0x610461ff: 415.098, 302.41, 19.6721
0xca01caff: 428.508, 302.551, 21.6393
0xca01caff: 429.098, 302.41, 19.6721
0x650165ff: 430.508, 302.551, 21.6393
0x640164ff: 431.098, 302.41, 19.6721
0x640164ff: 431.689, 302.269, 17.7049
0xf700f7ff: 433.098, 302.41, 19.6721
0xf600f6ff: 434.098, 302.41, 19.6721
0x8d308dff: 244.738, 302.02, 27.541
0x8d308dff: 245.328, 301.875, 25.5738
0x1e261eff: 284.689, 301.298, 17.7049
0x362536ff: 286.689, 301.298, 17.7049
0xbe17beff: 330.508, 301.587, 21.6393
0xf016f0ff: 332.918, 301.731, 23.6066
0xf016f0ff: 333.508, 301.587, 21.6393
0x131613ff: 334.918, 301.731, 23.6066
0x131613ff: 335.508, 301.587, 21.6393
0x131613ff: 336.098, 301.443, 19.6721
0x461546ff: 337.098, 301.443, 19.6721
0x511051ff: 354.918, 301.731, 23.6066
0x511051ff: 355.508, 301.587, 21.6393
0x8b0f8bff: 357.918, 301.731, 23.6066
0x8b0f8bff: 358.508, 301.587, 21.6393
0xb409b4ff: 385.098, 301.443, 19.6721
0xb409b4ff: 385.689, 301.298, 17.7049
0x430943ff: 387.098, 301.443, 19.6721
0x420942ff: 388.098, 301.443, 19.6721
0xc508c5ff: 389.508, 301.587, 21.6393
0xc508c5ff: 390.098, 301.443, 19.6721
0xc408c4ff: 390.689, 301.298, 17.7049
0x490849ff: 392.098, 301.443, 19.6721
0x480848ff: 392.689, 301.298, 17.7049
0x5c045cff: 413.918, 301.731, 23.6066
0x5c045cff: 414.508, 301.587, 21.6393
0x5c045cff: 415.098, 301.443, 19.6721
0xc403c4ff: 416.918, 301.731, 23.6066
0xc403c4ff: 417.508, 301.587, 21.6393
0xc403c4ff: 418.098, 301.443, 19.6721
0x380338ff: 419.918, 301.731, 23.6066
0x380338ff: 420.508, 301.587, 21.6393
0x380338ff: 421.098, 301.443, 19.6721
0xd001d0ff: 429.098, 301.443, 19.6721
0xfc00fcff: 434.689, 301.298, 17.7049
0x225022ff: 76.1967, 301.951, 39.3443
0x5c4c5cff: 95.1967, 301.951, 39.3443
0x5c4c5cff: 95.7869, 301.803, 37.377
0xf32ff3ff: 248.918, 300.77, 23.6066
0xf616f6ff: 333.508, 300.623, 21.6393
0x951395ff: 344.098, 300.475, 19.6721
0xd112d1ff: 346.098, 300.475, 19.6721
0xd112d1ff: 346.689, 300.328, 17.7049
0xff11ffff: 348.508, 300.623, 21.6393
0xff11ffff: 349.098, 300.475, 19.6721
0xfe11feff: 350.098, 300.475, 19.6721
0x211121ff: 351.098, 300.475, 19.6721
0x201120ff: 352.098, 300.475, 19.6721
0x201120ff: 352.689, 300.328, 17.7049
0x960f96ff: 357.328, 300.918, 25.5738
0x960f96ff: 357.918, 300.77, 23.6066
0xb409b4ff: 385.098, 300.475, 19.6721
0xb409b4ff: 385.689, 300.328, 17.7049
0x420942ff: 387.508, 300.623, 21.6393
0x420942ff: 388.098, 300.475, 19.6721
0xc508c5ff: 389.508, 300.623, 21.6393
0xc408c4ff: 390.098, 300.475, 19.6721
0xc408c4ff: 390.689, 300.328, 17.7049
0x480848ff: 392.098, 300.475, 19.6721
0x480848ff: 392.689, 300.328, 17.7049
0x470847ff: 393.689, 300.328, 17.7049
0xd107d1ff: 395.098, 300.475, 19.6721
0xd007d0ff: 396.098, 300.475, 19.6721
0x670767ff: 397.098, 300.475, 19.6721
0x660766ff: 398.098, 300.475, 19.6721
0x660766ff: 398.689, 300.328, 17.7049
0xa070aff: 400.689, 300.328, 17.7049
0xa070aff: 401.279, 300.18, 15.7377
0x630463ff: 415.328, 300.918, 25.5738
0x630463ff: 415.918, 300.77, 23.6066
0xcc03ccff: 416.918, 300.77, 23.6066
0xcd03cdff: 417.918, 300.77, 23.6066
0xcd03cdff: 418.508, 300.623, 21.6393
0x450345ff: 420.508, 300.623, 21.6393
0x450345ff: 421.098, 300.475, 19.6721
0xd001d0ff: 428.508, 300.623, 21.6393
0xd001d0ff: 429.098, 300.475, 19.6721
0xfc00fcff: 433.508, 300.623, 21.6393
0xfc00fcff: 434.098, 300.475, 19.6721
0xfc00fcff: 434.689, 300.328, 17.7049
0xa34fa3ff: 78.1967, 301.016, 39.3443
0xa34fa3ff: 78.7869, 300.866, 37.377
0xa54fa5ff: 79.7869, 300.866, 37.377
0x154f15ff: 81.7869, 300.866, 37.377
0x3b2f3bff: 250.148, 300.262, 29.5082
0x3b2f3bff: 250.738, 300.111, 27.541
0x3c2f3cff: 251.738, 300.111, 27.541
0x32e03ff: 257.508, 299.659, 21.6393
0x4c154cff: 338.508, 299.659, 21.6393
0x4c154cff: 339.098, 299.508, 19.6721
0x9c139cff: 344.098, 299.508, 19.6721
0x9c139cff: 344.689, 299.357, 17.7049
0xd612d6ff: 347.098, 299.508, 19.6721
0x61206ff: 349.689, 299.357, 17.7049
0x281128ff: 352.689, 299.357, 17.7049
0x631063ff: 355.098, 299.508, 19.6721
0xd50ed5ff: 360.918, 299.81, 23.6066
0x310e31ff: 363.098, 299.508, 19.6721
0x2f0e2fff: 363.279, 299.207, 15.7377
0xbc09bcff: 385.098, 299.508, 19.6721
0xbc09bcff: 385.689, 299.357, 17.7049
0xcd08cdff: 389.508, 299.659, 21.6393
0xcd08cdff: 390.098, 299.508, 19.6721
0xcd08cdff: 390.689, 299.357, 17.7049
0x500850ff: 393.689, 299.357, 17.7049
0xd707d7ff: 395.098, 299.508, 19.6721
0xd707d7ff: 395.689, 299.357, 17.7049
0x6d076dff: 397.098, 299.508, 19.6721
0x6d076dff: 397.689, 299.357, 17.7049
0x6c076cff: 399.098, 299.508, 19.6721
0x110711ff: 400.098, 299.508, 19.6721
0x110711ff: 400.689, 299.357, 17.7049
0x100710ff: 401.279, 299.207, 15.7377
0xb106b1ff: 403.098, 299.508, 19.6721
0xc002c0ff: 422.098, 299.508, 19.6721
0xc002c0ff: 422.689, 299.357, 17.7049
0xd401d4ff: 429.098, 299.508, 19.6721
0x20102ff: 434.689, 299.357, 17.7049
0xac00acff: 437.098, 299.508, 19.6721
0x5a005aff: 439.098, 299.508, 19.6721
0x134f13ff: 82.377, 299.774, 35.4098
0x5b4b5bff: 101.377, 299.774, 35.4098
0xa52ea5ff: 254.328, 299.003, 25.5738
0x112e11ff: 256.918, 298.849, 23.6066
0xb820b8ff: 300.148, 299.311, 29.5082
0xb820b8ff: 300.738, 299.157, 27.541
0x521552ff: 339.098, 298.541, 19.6721
0xdc12dcff: 346.508, 298.695, 21.6393
0xdc12dcff: 347.098, 298.541, 19.6721
0x281128ff: 351.508, 298.695, 21.6393
0x281128ff: 352.098, 298.541, 19.6721
0x281128ff: 352.689, 298.387, 17.7049
0x641064ff: 354.098, 298.541, 19.6721
0x641064ff: 354.689, 298.387, 17.7049
0x9f0f9fff: 356.508, 298.695, 21.6393
0x9f0f9fff: 357.098, 298.541, 19.6721
0x9e0f9eff: 358.098, 298.541, 19.6721
0xe20ee2ff: 360.098, 298.541, 19.6721
0xe20ee2ff: 360.689, 298.387, 17.7049
0x2f0e2fff: 362.689, 298.387, 17.7049
0x2f0e2fff: 363.279, 298.233, 15.7377
0x820d82ff: 365.689, 298.387, 17.7049
0x420a42ff: 382.098, 298.541, 19.6721
0x420a42ff: 382.689, 298.387, 17.7049
0xc409c4ff: 385.098, 298.541, 19.6721
0xc409c4ff: 385.689, 298.387, 17.7049
0x6d076dff: 397.098, 298.541, 19.6721
0x6c076cff: 398.508, 298.695, 21.6393
0x6c076cff: 399.098, 298.541, 19.6721
0x110711ff: 400.098, 298.541, 19.6721
0x100710ff: 400.689, 298.387, 17.7049
0x100710ff: 401.279, 298.233, 15.7377
0xb006b0ff: 403.098, 298.541, 19.6721
0xb006b0ff: 403.689, 298.387, 17.7049
0x310631ff: 405.098, 298.541, 19.6721
0xc702c7ff: 423.508, 298.695, 21.6393
0x530253ff: 426.098, 298.541, 19.6721
0xe001e0ff: 428.689, 298.387, 17.7049
0x20102ff: 434.689, 298.387, 17.7049
0xac00acff: 436.508, 298.695, 21.6393
0xac00acff: 437.098, 298.541, 19.6721
0x5a005aff: 438.508, 298.695, 21.6393
0x5a005aff: 439.098, 298.541, 19.6721
0x5a005aff: 439.689, 298.387, 17.7049
0x1b001bff: 441.098, 298.541, 19.6721
0x914e91ff: 85.377, 298.833, 35.4098
0x604b60ff: 100.787, 298.99, 37.377
0x604b60ff: 101.377, 298.833, 35.4098
0xd949d9ff: 105.787, 298.99, 37.377
0xd949d9ff: 106.377, 298.833, 35.4098
0x244924ff: 109.377, 298.833, 35.4098
0x502d50ff: 258.738, 298.203, 27.541
0x502d50ff: 259.328, 298.046, 25.5738
0x8a2c8aff: 261.328, 298.046, 25.5738
0x8a2c8aff: 261.918, 297.889, 23.6066
0x8a2c8aff: 262.508, 297.731, 21.6393
0xa421a4ff: 297.689, 297.416, 17.7049
0x521552ff: 337.918, 297.889, 23.6066
0x521552ff: 338.508, 297.731, 21.6393
0x521552ff: 339.098, 297.574, 19.6721
0x6e106eff: 354.689, 297.416, 17.7049
0x6e106eff: 355.279, 297.259, 15.7377
0xe90ee9ff: 360.098, 297.574, 19.6721
0xe80ee8ff: 360.689, 297.416, 17.7049
0x370e37ff: 362.098, 297.574, 19.6721
0x370e37ff: 362.689, 297.416, 17.7049
0x360e36ff: 363.689, 297.416, 17.7049
0x870d87ff: 365.098, 297.574, 19.6721
0x870d87ff: 365.689, 297.416, 17.7049
0xee0ceeff: 367.098, 297.574, 19.6721
0xef0cefff: 367.689, 297.416, 17.7049
0xf10cf1ff: 368.689, 297.416, 17.7049
0x520c52ff: 370.689, 297.416, 17.7049
0x500c50ff: 371.689, 297.416, 17.7049
0xc70bc7ff: 373.508, 297.731, 21.6393
0xc70bc7ff: 374.098, 297.574, 19.6721
0x400a40ff: 382.098, 297.574, 19.6721
0x400a40ff: 382.689, 297.416, 17.7049
0xc209c2ff: 385.098, 297.574, 19.6721
0xe307e3ff: 396.279, 297.259, 15.7377
0x700770ff: 398.689, 297.416, 17.7049
0x140714ff: 401.689, 297.416, 17.7049
0xb706b7ff: 403.098, 297.574, 19.6721
0xb706b7ff: 403.689, 297.416, 17.7049
0xb606b6ff: 404.689, 297.416, 17.7049
0x380638ff: 406.098, 297.574, 19.6721
0xe001e0ff: 428.098, 297.574, 19.6721
0xdf01dfff: 429.098, 297.574, 19.6721
0x720172ff: 431.098, 297.574, 19.6721
0x720172ff: 431.689, 297.416, 17.7049
0x80108ff: 434.098, 297.574, 19.6721
0x80108ff: 434.689, 297.416, 17.7049
0xb000b0ff: 436.689, 297.416, 17.7049
0x600060ff: 439.689, 297.416, 17.7049
0x220022ff: 441.689, 297.416, 17.7049
0x8d4e8dff: 84.7869, 298.052, 37.377
0x304930ff: 108.787, 298.052, 37.377
0x304930ff: 109.377, 297.892, 35.4098
0x824882ff: 110.787, 298.052, 37.377
0x824882ff: 111.377, 297.892, 35.4098
0x932c93ff: 262.508, 296.767, 21.6393
0xd22bd2ff: 264.508, 296.767, 21.6393
0x12b01ff: 268.098, 296.607, 19.6721
0xae21aeff: 297.098, 296.607, 19.6721
0xae21aeff: 297.689, 296.446, 17.7049
0xd320d3ff: 300.098, 296.607, 19.6721
0xf91ff9ff: 302.098, 296.607, 19.6721
0xf91ff9ff: 302.689, 296.446, 17.7049
0x311f31ff: 305.098, 296.607, 19.6721
0xae0faeff: 358.279, 296.285, 15.7377
0xe80ee8ff: 360.689, 296.446, 17.7049
0x360e36ff: 362.508, 296.767, 21.6393
0x360e36ff: 363.098, 296.607, 19.6721
0x360e36ff: 363.689, 296.446, 17.7049
0x860d86ff: 365.508, 296.767, 21.6393
0x860d86ff: 366.098, 296.607, 19.6721
0xee0ceeff: 367.098, 296.607, 19.6721
0xef0cefff: 367.689, 296.446, 17.7049
0xf00cf0ff: 368.689, 296.446, 17.7049
0xc10bc1ff: 372.918, 296.928, 23.6066
0xc20bc2ff: 373.918, 296.928, 23.6066
0xc20bc2ff: 374.508, 296.767, 21.6393
0xc20ac2ff: 379.689, 296.446, 17.7049
0x480a48ff: 382.098, 296.607, 19.6721
0x480a48ff: 382.689, 296.446, 17.7049
0xc809c8ff: 385.098, 296.607, 19.6721
0x570957ff: 386.508, 296.767, 21.6393
0x570957ff: 387.098, 296.607, 19.6721
0x560956ff: 388.098, 296.607, 19.6721
0xde08deff: 390.689, 296.446, 17.7049
0xf007f0ff: 396.279, 296.285, 15.7377
0x790779ff: 398.689, 296.446, 17.7049
0x1b071bff: 400.098, 296.607, 19.6721
0x140714ff: 401.098, 296.607, 19.6721
0x140714ff: 401.689, 296.446, 17.7049
0xb606b6ff: 403.508, 296.767, 21.6393
0xb606b6ff: 404.098, 296.607, 19.6721
0xb606b6ff: 404.689, 296.446, 17.7049
0x380638ff: 406.098, 296.607, 19.6721
0x380638ff: 406.689, 296.446, 17.7049
0x940594ff: 408.098, 296.607, 19.6721
0x950595ff: 409.689, 296.446, 17.7049
0xf504f5ff: 410.689, 296.446, 17.7049
0xe701e7ff: 429.098, 296.607, 19.6721
0x7c017cff: 431.098, 296.607, 19.6721
0x7b017bff: 431.689, 296.446, 17.7049
0x100110ff: 434.689, 296.446, 17.7049
0xb700b7ff: 436.098, 296.607, 19.6721
0xb700b7ff: 436.689, 296.446, 17.7049
0x670067ff: 438.508, 296.767, 21.6393
0x670067ff: 439.098, 296.607, 19.6721
0x670067ff: 439.689, 296.446, 17.7049
0x290029ff: 441.098, 296.607, 19.6721
0x290029ff: 441.689, 296.446, 17.7049
0x220022ff: 442.279, 296.285, 15.7377
0x10001ff: 444.098, 296.607, 19.6721
0x934e93ff: 85.1967, 297.279, 39.3443
0x74e07ff: 86.1967, 297.279, 39.3443
0x74e07ff: 86.7869, 297.115, 37.377
0x74e07ff: 87.377, 296.951, 35.4098
0xf64cf6ff: 93.377, 296.951, 35.4098
0xe547e5ff: 113.787, 297.115, 37.377
0xe547e5ff: 114.377, 296.951, 35.4098
0xf82af8ff: 267.738, 296.295, 27.541
0xb421b4ff: 298.279, 295.311, 15.7377
0xfa1ffaff: 303.689, 295.475, 17.7049
0x301f30ff: 305.689, 295.475, 17.7049
0xe412e4ff: 346.508, 295.803, 21.6393
0xe412e4ff: 347.098, 295.639, 19.6721
0xae0faeff: 357.689, 295.475, 17.7049
0xae0faeff: 358.279, 295.311, 15.7377
0xf00ef0ff: 360.689, 295.475, 17.7049
0x3d0e3dff: 362.098, 295.639, 19.6721
0x3c0e3cff: 363.098, 295.639, 19.6721
0x8b0d8bff: 364.508, 295.803, 21.6393
0x8b0d8bff: 365.098, 295.639, 19.6721
0x8a0d8aff: 366.098, 295.639, 19.6721
0xf70cf7ff: 367.098, 295.639, 19.6721
0xf90cf9ff: 368.689, 295.475, 17.7049
0x570c57ff: 369.689, 295.475, 17.7049
0x4f0b4fff: 377.098, 295.639, 19.6721
0xcd0acdff: 378.508, 295.803, 21.6393
0xcd0acdff: 379.098, 295.639, 19.6721
0x510a51ff: 381.508, 295.803, 21.6393
0x510a51ff: 382.098, 295.639, 19.6721
0x510a51ff: 382.689, 295.475, 17.7049
0xc809c8ff: 384.508, 295.803, 21.6393
0xc809c8ff: 385.098, 295.639, 19.6721
0x560956ff: 386.918, 295.967, 23.6066
0x560956ff: 387.508, 295.803, 21.6393
0x560956ff: 388.098, 295.639, 19.6721
0xde08deff: 389.508, 295.803, 21.6393
0xde08deff: 390.098, 295.639, 19.6721
0xde08deff: 390.689, 295.475, 17.7049
0x6a086aff: 392.689, 295.475, 17.7049
0x6a086aff: 393.279, 295.311, 15.7377
0xea07eaff: 395.508, 295.803, 21.6393
0xea07eaff: 396.098, 295.639, 19.6721
0x790779ff: 397.508, 295.803, 21.6393
0x780778ff: 398.098, 295.639, 19.6721
0x780778ff: 398.689, 295.475, 17.7049
0x1b071bff: 400.098, 295.639, 19.6721
0x1a071aff: 401.098, 295.639, 19.6721
0x1a071aff: 401.689, 295.475, 17.7049
0xbc06bcff: 403.689, 295.475, 17.7049
0x3e063eff: 406.689, 295.475, 17.7049
0x9b059bff: 408.098, 295.639, 19.6721
0xf904f9ff: 410.689, 295.475, 17.7049
0x7c017cff: 431.098, 295.639, 19.6721
0x7b017bff: 431.689, 295.475, 17.7049
0x100110ff: 433.508, 295.803, 21.6393
0x100110ff: 434.098, 295.639, 19.6721
0x100110ff: 434.689, 295.475, 17.7049
0xb600b6ff: 436.508, 295.803, 21.6393
0xb600b6ff: 437.098, 295.639, 19.6721
0x670067ff: 438.508, 295.803, 21.6393
0x660066ff: 439.098, 295.639, 19.6721
0x660066ff: 439.689, 295.475, 17.7049
0x290029ff: 441.098, 295.639, 19.6721
0x280028ff: 441.689, 295.475, 17.7049
0x280028ff: 442.279, 295.311, 15.7377
0x40004ff: 444.098, 295.639, 19.6721
0x34e03ff: 87.1967, 296.344, 39.3443
0x34e03ff: 87.7869, 296.177, 37.377
0x894d89ff: 90.377, 296.01, 35.4098
0xf64cf6ff: 92.7869, 296.177, 37.377
0xf64cf6ff: 93.377, 296.01, 35.4098
0x544754ff: 116.787, 296.177, 37.377
0x544754ff: 117.377, 296.01, 35.4098
0x3d2a3dff: 270.508, 294.839, 21.6393
0x792979ff: 273.098, 294.672, 19.6721
0xb421b4ff: 297.098, 294.672, 19.6721
0xb421b4ff: 297.689, 294.505, 17.7049
0x3c1f3cff: 305.098, 294.672, 19.6721
0x3c1f3cff: 305.689, 294.505, 17.7049
0x3c1f3cff: 306.279, 294.338, 15.7377
0x671e67ff: 308.098, 294.672, 19.6721
0xb71db7ff: 310.098, 294.672, 19.6721
0xb71db7ff: 310.689, 294.505, 17.7049
0xb61db6ff: 311.689, 294.505, 17.7049
0xfd1cfdff: 313.689, 294.505, 17.7049
0x4b1c4bff: 315.098, 294.672, 19.6721
0x4a1c4aff: 316.098, 294.672, 19.6721
0x941a94ff: 321.328, 295.174, 25.5738
0x941a94ff: 321.918, 295.007, 23.6066
0x941a94ff: 322.508, 294.839, 21.6393
0xec12ecff: 347.098, 294.672, 19.6721
0xb80fb8ff: 357.689, 294.505, 17.7049
0xb80fb8ff: 358.279, 294.338, 15.7377
0xfa0efaff: 360.279, 294.338, 15.7377
0x430e43ff: 362.098, 294.672, 19.6721
0x430e43ff: 362.689, 294.505, 17.7049
0x910d91ff: 364.098, 294.672, 19.6721
0x910d91ff: 364.689, 294.505, 17.7049
0x910d91ff: 365.279, 294.338, 15.7377
0xf70cf7ff: 367.098, 294.672, 19.6721
0xf80cf8ff: 368.689, 294.505, 17.7049
0x570c57ff: 369.689, 294.505, 17.7049
0x4c0a4cff: 381.508, 294.839, 21.6393
0x4c0a4cff: 382.098, 294.672, 19.6721
0xce09ceff: 383.508, 294.839, 21.6393
0xce09ceff: 384.098, 294.672, 19.6721
0xce09ceff: 384.689, 294.505, 17.7049
0x5e095eff: 386.508, 294.839, 21.6393
0x5e095eff: 387.098, 294.672, 19.6721
0x5e095eff: 387.689, 294.505, 17.7049
0xea08eaff: 389.508, 294.839, 21.6393
0xea08eaff: 390.098, 294.672, 19.6721
0xe908e9ff: 390.689, 294.505, 17.7049
0x770877ff: 392.098, 294.672, 19.6721
0x760876ff: 393.098, 294.672, 19.6721
0xf707f7ff: 394.508, 294.839, 21.6393
0xf707f7ff: 395.098, 294.672, 19.6721
0xf607f6ff: 396.098, 294.672, 19.6721
0x7f077fff: 397.098, 294.672, 19.6721
0x7f077fff: 397.689, 294.505, 17.7049
0x7e077eff: 398.279, 294.338, 15.7377
0x1f071fff: 400.098, 294.672, 19.6721
0x1f071fff: 400.689, 294.505, 17.7049
0x1e071eff: 401.279, 294.338, 15.7377
0xc106c1ff: 403.098, 294.672, 19.6721
0xc106c1ff: 403.689, 294.505, 17.7049
0x450645ff: 405.098, 294.672, 19.6721
0x450645ff: 405.689, 294.505, 17.7049
0x450645ff: 406.279, 294.338, 15.7377
0x9b059bff: 408.098, 294.672, 19.6721
0xa305a3ff: 409.689, 294.505, 17.7049
0xf904f9ff: 410.689, 294.505, 17.7049
0x160116ff: 433.098, 294.672, 19.6721
0x160116ff: 433.689, 294.505, 17.7049
0xbe00beff: 436.098, 294.672, 19.6721
0xbe00beff: 436.689, 294.505, 17.7049
0x6d006dff: 438.508, 294.839, 21.6393
0x6d006dff: 439.098, 294.672, 19.6721
0x6c006cff: 439.279, 294.338, 15.7377
0x2f002fff: 441.098, 294.672, 19.6721
0x2f002fff: 441.689, 294.505, 17.7049
0x2e002eff: 442.279, 294.338, 15.7377
0x80008ff: 444.098, 294.672, 19.6721
0x844d84ff: 89.1967, 295.41, 39.3443
0x844d84ff: 89.7869, 295.239, 37.377
0x844d84ff: 90.377, 295.069, 35.4098
0x24d02ff: 92.1967, 295.41, 39.3443
0x24d02ff: 92.7869, 295.239, 37.377
0x24d02ff: 93.377, 295.069, 35.4098
0x5c475cff: 117.967, 294.898, 33.4426
0xf827f8ff: 277.508, 293.875, 21.6393
0xf827f8ff: 278.098, 293.705, 19.6721
0x401f40ff: 306.279, 293.364, 15.7377
0xb81db8ff: 311.689, 293.534, 17.7049
0xfc1cfcff: 314.098, 293.705, 19.6721
0x4a1c4aff: 315.508, 293.875, 21.6393
0x4a1c4aff: 316.098, 293.705, 19.6721
0x4a1c4aff: 316.689, 293.534, 17.7049
0x7b1b7bff: 318.098, 293.705, 19.6721
0x7a1b7aff: 319.098, 293.705, 19.6721
0x7a1b7aff: 319.689, 293.534, 17.7049
0xa01aa0ff: 321.918, 294.046, 23.6066
0xa01aa0ff: 322.508, 293.875, 21.6393
0x381638ff: 335.508, 293.875, 21.6393
0x381638ff: 336.098, 293.705, 19.6721
0x681568ff: 338.508, 293.875, 21.6393
0x681568ff: 339.098, 293.705, 19.6721
0x431143ff: 352.098, 293.705, 19.6721
0x431143ff: 352.689, 293.534, 17.7049
0x781078ff: 355.098, 293.705, 19.6721
0xb40fb4ff: 357.098, 293.705, 19.6721
0xb40fb4ff: 357.689, 293.534, 17.7049
0xfb0efbff: 359.508, 293.875, 21.6393
0xfa0efaff: 359.689, 293.534, 17.7049
0xfa0efaff: 360.279, 293.364, 15.7377
0x420e42ff: 362.098, 293.705, 19.6721
0x420e42ff: 362.689, 293.534, 17.7049
0x910d91ff: 364.098, 293.705, 19.6721
0x900d90ff: 365.098, 293.705, 19.6721
0x8f0d8fff: 366.098, 293.705, 19.6721
0xe908e9ff: 390.689, 293.534, 17.7049
0x760876ff: 392.508, 293.875, 21.6393
0x760876ff: 393.098, 293.705, 19.6721
0xf707f7ff: 394.508, 293.875, 21.6393
0xf607f6ff: 395.508, 293.875, 21.6393
0xf607f6ff: 396.098, 293.705, 19.6721
0x7f077fff: 397.098, 293.705, 19.6721
0x7e077eff: 397.689, 293.534, 17.7049
0x7e077eff: 398.279, 293.364, 15.7377
0x1e071eff: 400.098, 293.705, 19.6721
0x1e071eff: 400.689, 293.534, 17.7049
0x1e071eff: 401.279, 293.364, 15.7377
0xc006c0ff: 403.098, 293.705, 19.6721
0xc006c0ff: 403.689, 293.534, 17.7049
0x450645ff: 405.098, 293.705, 19.6721
0x440644ff: 406.098, 293.705, 19.6721
0x430643ff: 407.098, 293.705, 19.6721
0xa205a2ff: 409.689, 293.534, 17.7049
0xfd04fdff: 410.689, 293.534, 17.7049
0xbe00beff: 436.098, 293.705, 19.6721
0xbd00bdff: 437.098, 293.705, 19.6721
0x6c006cff: 438.098, 293.705, 19.6721
0x6c006cff: 438.689, 293.534, 17.7049
0x6c006cff: 439.279, 293.364, 15.7377
0x2e002eff: 441.098, 293.705, 19.6721
0x2e002eff: 441.689, 293.534, 17.7049
0x2e002eff: 442.279, 293.364, 15.7377
0x80008ff: 444.098, 293.705, 19.6721
0xb4d0bff: 92.7869, 294.302, 37.377
0xff27ffff: 278.508, 292.911, 21.6393
0x372737ff: 279.508, 292.911, 21.6393
0x3b273bff: 281.689, 292.564, 17.7049
0x692569ff: 286.689, 292.564, 17.7049
0x401f40ff: 305.098, 292.738, 19.6721
0x401f40ff: 305.689, 292.564, 17.7049
0x401f40ff: 306.279, 292.39, 15.7377
0xc01dc0ff: 310.689, 292.564, 17.7049
0x81d08ff: 313.098, 292.738, 19.6721
0x81d08ff: 313.689, 292.564, 17.7049
0x81d08ff: 314.279, 292.39, 15.7377
0x511c51ff: 316.098, 292.738, 19.6721
0x501c50ff: 317.098, 292.738, 19.6721
0x811b81ff: 318.098, 292.738, 19.6721
0x811b81ff: 318.689, 292.564, 17.7049
0x801b80ff: 319.689, 292.564, 17.7049
0xa91aa9ff: 321.098, 292.738, 19.6721
0xe717e7ff: 330.508, 292.911, 21.6393
0x111711ff: 333.098, 292.738, 19.6721
0x361636ff: 335.508, 292.911, 21.6393
0x361636ff: 336.098, 292.738, 19.6721
0x661566ff: 338.098, 292.738, 19.6721
0x861486ff: 341.098, 292.738, 19.6721
0xb413b4ff: 343.508, 292.911, 21.6393
0xb313b3ff: 344.098, 292.738, 19.6721
0xf212f2ff: 346.508, 292.911, 21.6393
0xf212f2ff: 347.098, 292.738, 19.6721
0x281228ff: 349.098, 292.738, 19.6721
0x281228ff: 349.689, 292.564, 17.7049
0x4f114fff: 351.508, 292.911, 21.6393
0x4f114fff: 352.098, 292.738, 19.6721
0x841084ff: 354.689, 292.564, 17.7049
0xbe0fbeff: 357.689, 292.564, 17.7049
0x70f07ff: 359.098, 292.738, 19.6721
0x70f07ff: 359.689, 292.564, 17.7049
0x470e47ff: 362.098, 292.738, 19.6721
0x460e46ff: 363.098, 292.738, 19.6721
0x930d93ff: 364.098, 292.738, 19.6721
0xfa07faff: 394.098, 292.738, 19.6721
0xfa07faff: 394.689, 292.564, 17.7049
0xfa07faff: 395.279, 292.39, 15.7377
0x820782ff: 397.098, 292.738, 19.6721
0x820782ff: 397.689, 292.564, 17.7049
0x820782ff: 398.279, 292.39, 15.7377
0x220722ff: 400.689, 292.564, 17.7049
0xc506c5ff: 402.098, 292.738, 19.6721
0xc506c5ff: 402.689, 292.564, 17.7049
0xc406c4ff: 403.689, 292.564, 17.7049
0x470647ff: 405.098, 292.738, 19.6721
0xa505a5ff: 409.689, 292.564, 17.7049
0xff04ffff: 410.689, 292.564, 17.7049
0x700070ff: 438.098, 292.738, 19.6721
0x700070ff: 438.689, 292.564, 17.7049
0x700070ff: 439.279, 292.39, 15.7377
0x320032ff: 441.098, 292.738, 19.6721
0x320032ff: 441.689, 292.564, 17.7049
0xb000bff: 443.098, 292.738, 19.6721
0x834c83ff: 94.1967, 293.541, 39.3443
0x844c84ff: 95.1967, 293.541, 39.3443
0x844c84ff: 95.7869, 293.364, 37.377
0x4d444dff: 129.967, 293.01, 33.4426
0x4d444dff: 130.557, 292.833, 31.4754
0x4c444cff: 131.557, 292.833, 31.4754
0x7a247aff: 288.098, 291.77, 19.6721
0x7a247aff: 288.689, 291.593, 17.7049
0x792479ff: 289.689, 291.593, 17.7049
0xaf22afff: 295.279, 291.416, 15.7377
0x481f48ff: 305.098, 291.77, 19.6721
0x481f48ff: 305.689, 291.593, 17.7049
0xc61dc6ff: 311.279, 291.416, 15.7377
0x121d12ff: 314.279, 291.416, 15.7377
0x501c50ff: 317.098, 291.77, 19.6721
0x801b80ff: 318.508, 291.948, 21.6393
0x801b80ff: 319.098, 291.77, 19.6721
0x801b80ff: 319.689, 291.593, 17.7049
0xa81aa8ff: 321.098, 291.77, 19.6721
0xa81aa8ff: 321.689, 291.593, 17.7049
0xcd19cdff: 323.098, 291.77, 19.6721
0x191719ff: 331.508, 291.948, 21.6393
0x191719ff: 332.098, 291.77, 19.6721
0x1a171aff: 333.508, 291.948, 21.6393
0x3e163eff: 334.508, 291.948, 21.6393
0x3e163eff: 335.098, 291.77, 19.6721
0x6e156eff: 337.508, 291.948, 21.6393
0x6e156eff: 338.098, 291.77, 19.6721
0x8e148eff: 340.508, 291.948, 21.6393
0x8e148eff: 341.098, 291.77, 19.6721
0xbb13bbff: 342.508, 291.948, 21.6393
0xbb13bbff: 343.098, 291.77, 19.6721
0xbd13bdff: 344.098, 291.77, 19.6721
0xfa12faff: 346.098, 291.77, 19.6721
0xfa12faff: 346.689, 291.593, 17.7049
0x301230ff: 349.689, 291.593, 17.7049
0x571157ff: 351.098, 291.77, 19.6721
0x571157ff: 351.689, 291.593, 17.7049
0x8b108bff: 353.098, 291.77, 19.6721
0x8b108bff: 353.689, 291.593, 17.7049
0x8b108bff: 354.279, 291.416, 15.7377
0xc30fc3ff: 356.098, 291.77, 19.6721
0xbe0fbeff: 357.098, 291.77, 19.6721
0xbe0fbeff: 357.689, 291.593, 17.7049
0x60f06ff: 359.508, 291.948, 21.6393
0xf520fff: 65.377, 292.246, 35.4098
0xf520fff: 65.9672, 292.066, 33.4426
0x9f519fff: 66.9672, 292.066, 33.4426
0xb4c0bff: 98.377, 292.246, 35.4098
0x7c4b7cff: 101.377, 292.246, 35.4098
0xcc43ccff: 133.557, 291.885, 31.4754
0xcc43ccff: 134.148, 291.705, 29.5082
0x812481ff: 289.689, 290.623, 17.7049
0x9e239eff: 291.689, 290.623, 17.7049
0xbb22bbff: 295.279, 290.443, 15.7377
0xf320f3ff: 300.098, 290.803, 19.6721
0xf320f3ff: 300.689, 290.623, 17.7049
0xe200eff: 302.098, 290.803, 19.6721
0xe200eff: 302.689, 290.623, 17.7049
0x461f46ff: 305.098, 290.803, 19.6721
0x461f46ff: 305.689, 290.623, 17.7049
0x761e76ff: 308.098, 290.803, 19.6721
0x761e76ff: 308.689, 290.623, 17.7049
0xc41dc4ff: 310.689, 290.623, 17.7049
0xc41dc4ff: 311.279, 290.443, 15.7377
0x101d10ff: 313.098, 290.803, 19.6721
0x101d10ff: 313.689, 290.623, 17.7049
0x561c56ff: 316.098, 290.803, 19.6721
0x561c56ff: 316.689, 290.623, 17.7049
0x871b87ff: 318.098, 290.803, 19.6721
0x861b86ff: 319.098, 290.803, 19.6721
0x861b86ff: 319.689, 290.623, 17.7049
0xad1aadff: 321.098, 290.803, 19.6721
0xac1aacff: 322.098, 290.803, 19.6721
0xd319d3ff: 323.098, 290.803, 19.6721
0xd219d2ff: 324.098, 290.803, 19.6721
0xac51acff: 67.5574, 290.938, 31.4754
0xac51acff: 68.1475, 290.754, 29.5082
0x305130ff: 69.5574, 290.938, 31.4754
0x305130ff: 70.1475, 290.754, 29.5082
0x305130ff: 70.7377, 290.57, 27.541
0xb250b2ff: 72.5574, 290.938, 31.4754
0x774b77ff: 99.6066, 291.856, 41.3115
0x774b77ff: 100.197, 291.672, 39.3443
0x784b78ff: 101.197, 291.672, 39.3443
0xc04ac0ff: 102.787, 291.489, 37.377
0xc04ac0ff: 103.377, 291.305, 35.4098
0xac42acff: 138.557, 290.938, 31.4754
0xac42acff: 139.148, 290.754, 29.5082
0xc420cff: 142.148, 290.754, 29.5082
0x8b418bff: 143.557, 290.938, 31.4754
0x8b418bff: 144.148, 290.754, 29.5082
0x8a418aff: 145.148, 290.754, 29.5082
0xc621c6ff: 297.508, 290.02, 21.6393
0xf120f1ff: 300.689, 289.652, 17.7049
0x1e201eff: 302.689, 289.652, 17.7049
0x521f52ff: 304.508, 290.02, 21.6393
0x521f52ff: 305.098, 289.836, 19.6721
0x521f52ff: 305.689, 289.652, 17.7049
0x801e80ff: 307.098, 289.836, 19.6721
0x801e80ff: 307.689, 289.652, 17.7049
0x801e80ff: 308.279, 289.469, 15.7377
0xce1dceff: 310.689, 289.652, 17.7049
0x181d18ff: 314.098, 289.836, 19.6721
0x5f1c5fff: 315.508, 290.02, 21.6393
0x5f1c5fff: 316.098, 289.836, 19.6721
0x5e1c5eff: 316.279, 289.469, 15.7377
0x8d1b8dff: 318.098, 289.836, 19.6721
0x8d1b8dff: 318.689, 289.652, 17.7049
0xb11ab1ff: 320.508, 290.02, 21.6393
0xb11ab1ff: 321.098, 289.836, 19.6721
0xb11ab1ff: 321.689, 289.652, 17.7049
0xd219d2ff: 323.508, 290.02, 21.6393
0xd219d2ff: 324.098, 289.836, 19.6721
0xd219d2ff: 324.689, 289.652, 17.7049
0xdd18ddff: 326.098, 289.836, 19.6721
0x935293ff: 62.5574, 289.99, 31.4754
0xba50baff: 73.5574, 289.99, 31.4754
0xba50baff: 74.1475, 289.803, 29.5082
0xd4a0dff: 106.967, 290.177, 33.4426
0x124112ff: 146.738, 289.616, 27.541
0x124112ff: 147.328, 289.43, 25.5738
0xf720f7ff: 300.689, 288.682, 17.7049
0x212021ff: 303.098, 288.869, 19.6721
0x571f57ff: 304.098, 288.869, 19.6721
0x571f57ff: 304.689, 288.682, 17.7049
0x501f50ff: 306.098, 288.869, 19.6721
0x7e1e7eff: 307.098, 288.869, 19.6721
0x7e1e7eff: 307.689, 288.682, 17.7049
0x7e1e7eff: 308.279, 288.495, 15.7377
0xcc1dccff: 310.098, 288.869, 19.6721
0xcc1dccff: 310.689, 288.682, 17.7049
0x191d19ff: 312.508, 289.056, 21.6393
0x181d18ff: 313.508, 289.056, 21.6393
0x181d18ff: 314.098, 288.869, 19.6721
0x5f1c5fff: 315.508, 289.056, 21.6393
0x5e1c5eff: 315.689, 288.682, 17.7049
0x5e1c5eff: 316.279, 288.495, 15.7377
0x8d1b8dff: 318.098, 288.869, 19.6721
0x8c1b8cff: 318.689, 288.682, 17.7049
0xb11ab1ff: 320.508, 289.056, 21.6393
0xb01ab0ff: 321.098, 288.869, 19.6721
0xb01ab0ff: 321.689, 288.682, 17.7049
0xd919d9ff: 323.098, 288.869, 19.6721
0xd819d8ff: 324.098, 288.869, 19.6721
0xd719d7ff: 325.098, 288.869, 19.6721
0x925292ff: 62.5574, 289.043, 31.4754
0x225222ff: 65.5574, 289.043, 31.4754
0x3e503eff: 76.1475, 288.852, 29.5082
0x3e503eff: 76.7377, 288.662, 27.541
0x284f28ff: 80.7377, 288.662, 27.541
0x284f28ff: 81.3279, 288.472, 25.5738
0x9e4e9eff: 83.7377, 288.662, 27.541
0x9e4e9eff: 84.3279, 288.472, 25.5738
0x9e409eff: 149.738, 288.662, 27.541
0x9e409eff: 150.328, 288.472, 25.5738
0xa53fa5ff: 154.738, 288.662, 27.541
0xa53fa5ff: 155.328, 288.472, 25.5738
0x2f3f2fff: 156.738, 288.662, 27.541
0x2f3f2fff: 157.328, 288.472, 25.5738
0x2e3f2eff: 158.328, 288.472, 25.5738
0xbb3ebbff: 159.738, 288.662, 27.541
0xbb3ebbff: 160.328, 288.472, 25.5738
0xba3ebaff: 161.328, 288.472, 25.5738
0x841e84ff: 308.098, 287.902, 19.6721
0xd21dd2ff: 309.508, 288.092, 21.6393
0xd21dd2ff: 310.098, 287.902, 19.6721
0xd21dd2ff: 310.689, 287.711, 17.7049
0x1f1d1fff: 312.098, 287.902, 19.6721
0x1e1d1eff: 313.098, 287.902, 19.6721
0x1e1d1eff: 313.689, 287.711, 17.7049
0x631c63ff: 315.098, 287.902, 19.6721
0x621c62ff: 316.098, 287.902, 19.6721
0x621c62ff: 316.689, 287.711, 17.7049
0x911b91ff: 318.098, 287.902, 19.6721
0x901b90ff: 319.098, 287.902, 19.6721
0xb51ab5ff: 320.508, 288.092, 21.6393
0xb51ab5ff: 321.098, 287.902, 19.6721
0xb41ab4ff: 322.098, 287.902, 19.6721
0xdb19dbff: 323.098, 287.902, 19.6721
0x304f30ff: 81.7377, 287.708, 27.541
0xa64ea6ff: 83.7377, 287.708, 27.541
0xa64ea6ff: 84.3279, 287.515, 25.5738
0x634963ff: 109.377, 288.482, 35.4098
0xbd48bdff: 111.967, 288.289, 33.4426
0xc63ec6ff: 160.328, 287.515, 25.5738
0xc63ec6ff: 160.918, 287.321, 23.6066
0x543e54ff: 163.328, 287.515, 25.5738
0xa752a7ff: 62.5574, 287.148, 31.4754
0x944d94ff: 89.918, 286.361, 23.6066
0x144d14ff: 92.3279, 286.557, 25.5738
0x144d14ff: 92.918, 286.361, 23.6066
0x924c92ff: 94.3279, 286.557, 25.5738
0x924c92ff: 94.918, 286.361, 23.6066
0x134c13ff: 96.918, 286.361, 23.6066
0x134c13ff: 97.5082, 286.164, 21.6393
0x864b86ff: 99.918, 286.361, 23.6066
0x864b86ff: 100.508, 286.164, 21.6393
0xd24ad2ff: 101.918, 286.361, 23.6066
0x104810ff: 113.377, 287.541, 35.4098
0x104810ff: 113.967, 287.344, 33.4426
0x764776ff: 116.377, 287.541, 35.4098
0x764776ff: 116.967, 287.344, 33.4426
0x453d45ff: 171.508, 286.164, 21.6393
0xd33cd3ff: 177.098, 285.967, 19.6721
0x943c94ff: 180.098, 285.967, 19.6721
0x4f3c4fff: 182.689, 285.77, 17.7049
0x3c00ff: 185.689, 285.77, 17.7049
0x903b90ff: 187.689, 285.77, 17.7049
0x903b90ff: 188.279, 285.574, 15.7377
0x1c3b1cff: 190.279, 285.574, 15.7377
0xa13aa1ff: 192.689, 285.77, 17.7049
0xa13aa1ff: 193.279, 285.574, 15.7377
0x163a16ff: 195.279, 285.574, 15.7377
0x163a16ff: 195.869, 285.377, 13.7705
0x7e397eff: 197.279, 285.574, 15.7377
0x7e397eff: 197.869, 285.377, 13.7705
0x1a4d1aff: 92.918, 285.4, 23.6066
0x1b4c1bff: 98.5082, 285.2, 21.6393
0xda4adaff: 102.918, 285.4, 23.6066
0xda4adaff: 103.508, 285.2, 21.6393
0x1c4a1cff: 105.328, 285.6, 25.5738
0x1c4a1cff: 105.918, 285.4, 23.6066
0x1c4a1cff: 106.508, 285.2, 21.6393
0x174817ff: 114.377, 286.6, 35.4098
0x7f477fff: 115.377, 286.6, 35.4098
0x804780ff: 116.377, 286.6, 35.4098
0xdd46ddff: 119.967, 286.4, 33.4426
0xa645a6ff: 125.557, 286.2, 31.4754
0x983b98ff: 188.279, 284.6, 15.7377
0x243b24ff: 190.689, 284.8, 17.7049
0x243b24ff: 191.279, 284.6, 15.7377
0xad3aadff: 193.869, 284.4, 13.7705
0x203a20ff: 195.869, 284.4, 13.7705
0x873987ff: 197.279, 284.6, 15.7377
0x863986ff: 198.279, 284.6, 15.7377
0x863986ff: 198.869, 284.4, 13.7705
0xfe38feff: 200.869, 284.4, 13.7705
0xfe38feff: 201.459, 284.2, 11.8033
0x7f387fff: 203.279, 284.6, 15.7377
0xab52abff: 62.377, 285.659, 35.4098
0xab52abff: 62.9672, 285.456, 33.4426
0x3d523dff: 63.9672, 285.456, 33.4426
0x415241ff: 65.5574, 285.252, 31.4754
0x764976ff: 108.508, 284.236, 21.6393
0x764976ff: 109.098, 284.033, 19.6721
0xc848c8ff: 111.098, 284.033, 19.6721
0xc848c8ff: 111.689, 283.83, 17.7049
0x464646ff: 121.377, 285.659, 35.4098
0x464646ff: 121.967, 285.456, 33.4426
0x454645ff: 122.967, 285.456, 33.4426
0xa345a3ff: 125.557, 285.252, 31.4754
0x744474ff: 131.148, 285.049, 29.5082
0x883988ff: 198.869, 283.423, 13.7705
0x13901ff: 200.279, 283.626, 15.7377
0x13901ff: 200.869, 283.423, 13.7705
0x3900ff: 201.869, 283.423, 13.7705
0x803880ff: 203.869, 283.423, 13.7705
0x803880ff: 204.459, 283.22, 11.8033
0x63806ff: 205.869, 283.423, 13.7705
0x3e523eff: 65.5574, 284.305, 31.4754
0x904790ff: 116.508, 283.272, 21.6393
0x904790ff: 117.098, 283.066, 19.6721
0xe346e3ff: 119.098, 283.066, 19.6721
0xaf45afff: 125.557, 284.305, 31.4754
0x184518ff: 127.557, 284.305, 31.4754
0x804480ff: 130.557, 284.305, 31.4754
0x804480ff: 131.148, 284.098, 29.5082
0x903990ff: 198.869, 282.446, 13.7705
0x63906ff: 201.869, 282.446, 13.7705
0x873887ff: 203.279, 282.652, 15.7377
0x873887ff: 203.869, 282.446, 13.7705
0x863886ff: 204.459, 282.239, 11.8033
0xf380fff: 205.869, 282.446, 13.7705
0xc380cff: 207.279, 282.652, 15.7377
0xa237a2ff: 208.279, 282.652, 15.7377
0x475247ff: 65.5574, 283.357, 31.4754
0xd251d2ff: 67.5574, 283.357, 31.4754
0xee46eeff: 119.689, 281.889, 17.7049
0x5e465eff: 122.098, 282.098, 19.6721
0x5e465eff: 122.689, 281.889, 17.7049
0xba45baff: 124.098, 282.098, 19.6721
0xba45baff: 124.689, 281.889, 17.7049
0xba45baff: 125.279, 281.679, 15.7377
0xf243f2ff: 132.557, 283.357, 31.4754
0xf243f2ff: 133.148, 283.148, 29.5082
0x664366ff: 135.557, 283.357, 31.4754
0x664366ff: 136.148, 283.148, 29.5082
0x63906ff: 200.689, 281.889, 17.7049
0x63906ff: 201.279, 281.679, 15.7377
0x63906ff: 201.869, 281.469, 13.7705
0x863886ff: 203.279, 281.679, 15.7377
0x863886ff: 203.869, 281.469, 13.7705
0x863886ff: 204.459, 281.259, 11.8033
0xe380eff: 205.869, 281.469, 13.7705
0xe380eff: 206.459, 281.259, 11.8033
0x5a515aff: 69.5574, 282.41, 31.4754
0x5a515aff: 70.1475, 282.197, 29.5082
0xdd50ddff: 73.7377, 281.984, 27.541
0x624662ff: 122.689, 280.918, 17.7049
0x284528ff: 127.689, 280.918, 17.7049
0x894489ff: 130.098, 281.131, 19.6721
0x894489ff: 130.689, 280.918, 17.7049
0xfd43fdff: 132.098, 281.131, 19.6721
0x704370ff: 135.557, 282.41, 31.4754
0xd842d8ff: 138.148, 282.197, 29.5082
0xd942d9ff: 139.148, 282.197, 29.5082
0x4d424dff: 141.738, 281.984, 27.541
0xc041c0ff: 144.738, 281.984, 27.541
0x3f413fff: 146.328, 281.77, 25.5738
0xc390cff: 201.279, 280.705, 15.7377
0xc390cff: 201.869, 280.492, 13.7705
0x8c388cff: 203.869, 280.492, 13.7705
0x8c388cff: 204.459, 280.279, 11.8033
0x133813ff: 205.869, 280.492, 13.7705
0x123812ff: 206.869, 280.492, 13.7705
0xab37abff: 208.279, 280.705, 15.7377
0xaa37aaff: 208.869, 280.492, 13.7705
0xe750e7ff: 71.9672, 281.679, 33.4426
0xe750e7ff: 72.5574, 281.462, 31.4754
0xe750e7ff: 73.1475, 281.246, 29.5082
0x655065ff: 74.5574, 281.462, 31.4754
0x655065ff: 75.1475, 281.246, 29.5082
0x655065ff: 75.7377, 281.03, 27.541
0x624662ff: 121.508, 280.38, 21.6393
0x624662ff: 122.098, 280.164, 19.6721
0x624662ff: 122.689, 279.948, 17.7049
0x2a452aff: 127.098, 280.164, 19.6721
0x2a452aff: 127.689, 279.948, 17.7049
0x924492ff: 130.098, 280.164, 19.6721
0x924492ff: 130.689, 279.948, 17.7049
0xa440aff: 132.689, 279.948, 17.7049
0xa440aff: 133.279, 279.731, 15.7377
0x7a437aff: 134.689, 279.948, 17.7049
0x3f413fff: 146.328, 280.813, 25.5738
0x3e413eff: 147.328, 280.813, 25.5738
0x143914ff: 201.869, 279.515, 13.7705
0x933893ff: 203.279, 279.731, 15.7377
0x933893ff: 203.869, 279.515, 13.7705
0x923892ff: 204.459, 279.298, 11.8033
0x193819ff: 205.869, 279.515, 13.7705
0x193819ff: 206.459, 279.298, 11.8033
0xab37abff: 208.279, 279.731, 15.7377
0x564f56ff: 80.7377, 280.075, 27.541
0x554f55ff: 81.7377, 280.075, 27.541
0x3c4e3cff: 86.7377, 280.075, 27.541
0x3c4e3cff: 87.3279, 279.856, 25.5738
0xb54db5ff: 89.918, 279.636, 23.6066
0x964496ff: 130.689, 278.977, 17.7049
0x814381ff: 135.098, 279.197, 19.6721
0x814381ff: 135.689, 278.977, 17.7049
0xeb42ebff: 138.098, 279.197, 19.6721
0xeb42ebff: 138.689, 278.977, 17.7049
0x5b425bff: 140.098, 279.197, 19.6721
0x5b425bff: 140.689, 278.977, 17.7049
0x554255ff: 141.689, 278.977, 17.7049
0xc941c9ff: 143.098, 279.197, 19.6721
0xc941c9ff: 143.689, 278.977, 17.7049
0x4f414fff: 145.689, 278.977, 17.7049
0x4f414fff: 146.279, 278.757, 15.7377
0xcf40cfff: 148.098, 279.197, 19.6721
0xcf40cfff: 148.689, 278.977, 17.7049
0x4f404fff: 152.918, 279.636, 23.6066
0xa039a0ff: 198.279, 278.757, 15.7377
0xa039a0ff: 198.869, 278.538, 13.7705
0x143914ff: 201.279, 278.757, 15.7377
0x143914ff: 201.869, 278.538, 13.7705
0x933893ff: 203.279, 278.757, 15.7377
0x923892ff: 203.869, 278.538, 13.7705
0x923892ff: 204.459, 278.318, 11.8033
0x183818ff: 205.869, 278.538, 13.7705
0x183818ff: 206.459, 278.318, 11.8033
0x5b4f5bff: 81.5574, 279.567, 31.4754
0x4b4e4bff: 87.3279, 278.898, 25.5738
0xbe4dbeff: 89.918, 278.675, 23.6066
0x964496ff: 130.098, 278.23, 19.6721
0x964496ff: 130.689, 278.007, 17.7049
0xeb42ebff: 137.508, 278.452, 21.6393
0xea42eaff: 138.098, 278.23, 19.6721
0xea42eaff: 138.689, 278.007, 17.7049
0x5b425bff: 140.098, 278.23, 19.6721
0x5a425aff: 141.098, 278.23, 19.6721
0x5a425aff: 141.689, 278.007, 17.7049
0xd041d0ff: 143.689, 278.007, 17.7049
0xd041d0ff: 144.279, 277.784, 15.7377
0x554155ff: 145.689, 278.007, 17.7049
0x544154ff: 146.689, 278.007, 17.7049
0xd540d5ff: 148.098, 278.23, 19.6721
0xd540d5ff: 148.689, 278.007, 17.7049
0xd440d4ff: 149.689, 278.007, 17.7049
0x5c405cff: 151.689, 278.007, 17.7049
0x5c3f5cff: 156.738, 279.121, 27.541
0x5c3f5cff: 157.328, 278.898, 25.5738
0xec3eecff: 160.328, 278.898, 25.5738
0xec3eecff: 160.918, 278.675, 23.6066
0x7e3e7eff: 162.328, 278.898, 25.5738
0x7e3e7eff: 162.918, 278.675, 23.6066
0x1a3e1aff: 165.918, 278.675, 23.6066
0x663d66ff: 171.508, 278.452, 21.6393
0xf63cf6ff: 177.098, 278.23, 19.6721
0xbc3bbcff: 187.689, 278.007, 17.7049
0xbc3bbcff: 188.279, 277.784, 15.7377
0xd03ad0ff: 193.279, 277.784, 15.7377
0xa839a8ff: 198.869, 277.561, 13.7705
0x1f391fff: 200.279, 277.784, 15.7377
0x1f391fff: 200.869, 277.561, 13.7705
0x1d391dff: 201.869, 277.561, 13.7705
0x993899ff: 202.869, 277.561, 13.7705
0x983898ff: 203.869, 277.561, 13.7705
0x1f381fff: 205.279, 277.784, 15.7377
0x1f381fff: 205.869, 277.561, 13.7705
0x1e381eff: 206.869, 277.561, 13.7705
0xb337b3ff: 207.869, 277.561, 13.7705
0x534e53ff: 86.3279, 277.941, 25.5738
0x534e53ff: 86.918, 277.715, 23.6066
0xc94dc9ff: 89.3279, 277.941, 25.5738
0xc94dc9ff: 89.918, 277.715, 23.6066
0xc74cc7ff: 94.3279, 277.941, 25.5738
0xc74cc7ff: 94.918, 277.715, 23.6066
0xd641d6ff: 143.689, 277.036, 17.7049
0xd641d6ff: 144.279, 276.81, 15.7377
0x5a415aff: 146.098, 277.262, 19.6721
0x5a415aff: 146.689, 277.036, 17.7049
0xda40daff: 148.689, 277.036, 17.7049
0xd440d4ff: 149.689, 277.036, 17.7049
0x5c405cff: 151.098, 277.262, 19.6721
0x5c405cff: 151.689, 277.036, 17.7049
0x5c405cff: 152.279, 276.81, 15.7377
0xde3fdeff: 155.279, 276.81, 15.7377
0x6b3f6bff: 157.279, 276.81, 15.7377
0xfc3efcff: 159.689, 277.036, 17.7049
0xfc3efcff: 160.279, 276.81, 15.7377
0x883e88ff: 162.918, 277.715, 23.6066
0x253e25ff: 164.328, 277.941, 25.5738
0x253e25ff: 164.918, 277.715, 23.6066
0x243e24ff: 165.918, 277.715, 23.6066
0xcc3dccff: 167.918, 277.715, 23.6066
0x723d72ff: 171.508, 277.489, 21.6393
0x3d00ff: 177.098, 277.262, 19.6721
0x893c89ff: 182.098, 277.262, 19.6721
0x893c89ff: 182.689, 277.036, 17.7049
0x313c31ff: 183.689, 277.036, 17.7049
0x313c31ff: 184.279, 276.81, 15.7377
0xc43bc4ff: 186.689, 277.036, 17.7049
0xc53bc5ff: 187.689, 277.036, 17.7049
0x4d3b4dff: 189.098, 277.262, 19.6721
0x4d3b4dff: 189.689, 277.036, 17.7049
0x4d3b4dff: 190.279, 276.81, 15.7377
0x453a45ff: 195.869, 276.584, 13.7705
0xaf39afff: 197.279, 276.81, 15.7377
0xaf39afff: 197.869, 276.584, 13.7705
0xa839a8ff: 198.869, 276.584, 13.7705
0x1e391eff: 200.279, 276.81, 15.7377
0xc54dc5ff: 88.1475, 277.443, 29.5082
0xc54dc5ff: 88.7377, 277.213, 27.541
0xc54dc5ff: 89.3279, 276.984, 25.5738
0x3e4d3eff: 91.7377, 277.213, 27.541
0x3e4d3eff: 92.3279, 276.984, 25.5738
0xc44cc4ff: 94.3279, 276.984, 25.5738
0xc44cc4ff: 94.918, 276.754, 23.6066
0x464c46ff: 97.918, 276.754, 23.6066
0xb44bb4ff: 100.508, 276.525, 21.6393
0x5c415cff: 146.689, 276.066, 17.7049
0x5c415cff: 147.279, 275.836, 15.7377
0x634063ff: 151.689, 276.066, 17.7049
0xe43fe4ff: 154.689, 276.066, 17.7049
0xe43fe4ff: 155.279, 275.836, 15.7377
0x753f75ff: 157.279, 275.836, 15.7377
0x73f07ff: 160.279, 275.836, 15.7377
0x923e92ff: 162.279, 275.836, 15.7377
0x4a3b4aff: 190.098, 276.295, 19.6721
0x4a3b4aff: 190.689, 276.066, 17.7049
0xac39acff: 197.279, 275.836, 15.7377
0xac39acff: 197.869, 275.607, 13.7705
0xac39acff: 198.459, 275.377, 11.8033
0xb14bb1ff: 100.328, 276.026, 25.5738
0xb14bb1ff: 100.918, 275.793, 23.6066
0xfe4afeff: 101.918, 275.793, 23.6066
0x174b17ff: 102.459, 274.397, 11.8033
0x174b17ff: 103.049, 274.164, 9.83607
0xea3feaff: 154.098, 275.328, 19.6721
0xea3feaff: 154.689, 275.095, 17.7049
0x103f10ff: 159.689, 275.095, 17.7049
0x103f10ff: 160.279, 274.862, 15.7377
0x953e95ff: 161.689, 275.095, 17.7049
0x953e95ff: 162.279, 274.862, 15.7377
0x953e95ff: 162.869, 274.63, 13.7705
0x2d3e2dff: 164.689, 275.095, 17.7049
0x2d3e2dff: 165.279, 274.862, 15.7377
0x2c3e2cff: 166.279, 274.862, 15.7377
0xd03dd0ff: 168.279, 274.862, 15.7377
0xc34bc3ff: 99.8689, 273.652, 13.7705
0xc24bc2ff: 100.459, 273.416, 11.8033
0x234b23ff: 101.869, 273.652, 13.7705
0x224b22ff: 102.459, 273.416, 11.8033
0x224b22ff: 103.049, 273.18, 9.83607
0xe3f0eff: 160.279, 273.889, 15.7377
0x9a3e9aff: 162.689, 274.125, 17.7049
0x9a3e9aff: 163.279, 273.889, 15.7377
0x323e32ff: 165.279, 273.889, 15.7377
0x323e32ff: 165.869, 273.652, 13.7705
0xda3ddaff: 167.689, 274.125, 17.7049
0xda3ddaff: 168.279, 273.889, 15.7377
0xc24bc2ff: 99.8689, 272.675, 13.7705
0xc24bc2ff: 100.459, 272.436, 11.8033
0x234b23ff: 102.459, 272.436, 11.8033
0x6c4a6cff: 105.459, 272.436, 11.8033
0x153f15ff: 160.279, 272.915, 15.7377
0x393e39ff: 164.689, 273.154, 17.7049
0x393e39ff: 165.279, 272.915, 15.7377
0x383e38ff: 165.869, 272.675, 13.7705
0xe13de1ff: 167.689, 273.154, 17.7049
0xe13de1ff: 168.279, 272.915, 15.7377
0x7b3d7bff: 169.689, 273.154, 17.7049
0xc94bc9ff: 99.8689, 271.698, 13.7705
0x334b33ff: 102.459, 271.456, 11.8033
0xec40ecff: 149.869, 271.698, 13.7705
0x143f14ff: 160.279, 271.941, 15.7377
0xa03ea0ff: 162.689, 272.184, 17.7049
0xa03ea0ff: 163.279, 271.941, 15.7377
0x393e39ff: 164.689, 272.184, 17.7049
0x383e38ff: 165.279, 271.941, 15.7377
0x383e38ff: 165.869, 271.698, 13.7705
0xe13de1ff: 167.689, 272.184, 17.7049
0xe03de0ff: 168.279, 271.941, 15.7377
0x803d80ff: 170.279, 271.941, 15.7377
0xcb4bcbff: 100.459, 270.475, 11.8033
0x434b43ff: 102.459, 270.475, 11.8033
0x434b43ff: 103.049, 270.23, 9.83607
0xec40ecff: 148.689, 271.213, 17.7049
0xec40ecff: 149.279, 270.967, 15.7377
0xfc3ffcff: 154.689, 271.213, 17.7049
0xfc3ffcff: 155.279, 270.967, 15.7377
0x8d3f8dff: 156.689, 271.213, 17.7049
0x8d3f8dff: 157.279, 270.967, 15.7377
0x8d3f8dff: 157.869, 270.721, 13.7705
0x1c3f1cff: 160.279, 270.967, 15.7377
0xa93ea9ff: 163.279, 270.967, 15.7377
0x403e40ff: 165.279, 270.967, 15.7377
0xe73de7ff: 166.689, 271.213, 17.7049
0xe73de7ff: 167.279, 270.967, 15.7377
0xe63de6ff: 168.279, 270.967, 15.7377
0x404b40ff: 101.459, 269.495, 11.8033
0x404b40ff: 102.049, 269.246, 9.83607
0xf640f6ff: 148.689, 270.243, 17.7049
0xf640f6ff: 149.279, 269.993, 15.7377
0x844084ff: 151.689, 270.243, 17.7049
0x824082ff: 152.279, 269.993, 15.7377
0x74007ff: 154.098, 270.492, 19.6721
0x74007ff: 154.689, 270.243, 17.7049
0x993f99ff: 157.279, 269.993, 15.7377
0x1c3f1cff: 160.279, 269.993, 15.7377
0xa93ea9ff: 162.689, 270.243, 17.7049
0xa83ea8ff: 163.279, 269.993, 15.7377
0x3e3e3eff: 165.279, 269.993, 15.7377
0xe53de5ff: 166.689, 270.243, 17.7049
0xe53de5ff: 167.279, 269.993, 15.7377
0xe43de4ff: 168.279, 269.993, 15.7377
0x853d85ff: 169.689, 270.243, 17.7049
0x474b47ff: 102.869, 268.767, 13.7705
0x894a89ff: 104.279, 269.02, 15.7377
0x894a89ff: 104.869, 268.767, 13.7705
0x894a89ff: 105.459, 268.515, 11.8033
0x344434ff: 132.869, 268.767, 13.7705
0xff41ffff: 142.689, 269.272, 17.7049
0xff41ffff: 143.279, 269.02, 15.7377
0xff41ffff: 143.869, 268.767, 13.7705
0x724172ff: 146.279, 269.02, 15.7377
0xf240f2ff: 148.689, 269.272, 17.7049
0xf240f2ff: 149.279, 269.02, 15.7377
0x824082ff: 151.689, 269.272, 17.7049
0x74007ff: 153.508, 269.777, 21.6393
0x64006ff: 154.098, 269.525, 19.6721
0x64006ff: 154.689, 269.272, 17.7049
0x973f97ff: 156.689, 269.272, 17.7049
0x973f97ff: 157.279, 269.02, 15.7377
0x253f25ff: 158.689, 269.272, 17.7049
0x243f24ff: 159.689, 269.272, 17.7049
0x243f24ff: 160.279, 269.02, 15.7377
0xb03eb0ff: 161.689, 269.272, 17.7049
0xb03eb0ff: 162.279, 269.02, 15.7377
0x453e45ff: 163.689, 269.272, 17.7049
0x443e44ff: 164.689, 269.272, 17.7049
0x443e44ff: 165.279, 269.02, 15.7377
0xeb3debff: 166.689, 269.272, 17.7049
0xea3deaff: 167.689, 269.272, 17.7049
0xea3deaff: 168.279, 269.02, 15.7377
0x893d89ff: 169.689, 269.272, 17.7049
0x814a81ff: 105.689, 268.302, 17.7049
0xcc49ccff: 107.689, 268.302, 17.7049
0xcc49ccff: 108.279, 268.046, 15.7377
0x724872ff: 112.689, 268.302, 17.7049
0x724872ff: 113.279, 268.046, 15.7377
0x724872ff: 113.869, 267.79, 13.7705
0xfa45faff: 124.869, 267.79, 13.7705
0x824282ff: 141.279, 268.046, 15.7377
0xfb41fbff: 142.689, 268.302, 17.7049
0xfa41faff: 143.689, 268.302, 17.7049
0x7f417fff: 145.098, 268.557, 19.6721
0x7f417fff: 145.689, 268.302, 17.7049
0x7e417eff: 146.689, 268.302, 17.7049
0xff40ffff: 148.098, 268.557, 19.6721
0xff40ffff: 148.689, 268.302, 17.7049
0xfd40fdff: 149.689, 268.302, 17.7049
0x8d408dff: 150.689, 268.302, 17.7049
0x8c408cff: 151.689, 268.302, 17.7049
0xd400dff: 153.098, 268.557, 19.6721
0xd400dff: 153.689, 268.302, 17.7049
0xc400cff: 154.689, 268.302, 17.7049
0x9b3f9bff: 155.689, 268.302, 17.7049
0x1f491fff: 110.869, 266.813, 13.7705
0x774877ff: 112.279, 267.072, 15.7377
0x774877ff: 112.869, 266.813, 13.7705
0x704870ff: 113.869, 266.813, 13.7705
0xd247d2ff: 115.279, 267.072, 15.7377
0xd247d2ff: 115.869, 266.813, 13.7705
0xd247d2ff: 116.459, 266.554, 11.8033
0x3a473aff: 118.279, 267.072, 15.7377
0x344734ff: 119.279, 267.072, 15.7377
0x974697ff: 120.689, 267.331, 17.7049
0x974697ff: 121.279, 267.072, 15.7377
0xf745f7ff: 124.869, 266.813, 13.7705
0x3e443eff: 132.869, 266.813, 13.7705
0xb243b2ff: 135.869, 266.813, 13.7705
0x264326ff: 137.689, 267.331, 17.7049
0x264326ff: 138.279, 267.072, 15.7377
0x954295ff: 140.689, 267.331, 17.7049
0x54205ff: 142.098, 267.59, 19.6721
0x54205ff: 142.689, 267.331, 17.7049
0x54205ff: 143.279, 267.072, 15.7377
0x854185ff: 145.098, 267.59, 19.6721
0x854185ff: 145.689, 267.331, 17.7049
0x7e417eff: 146.689, 267.331, 17.7049
0xfe40feff: 147.689, 267.331, 17.7049
0xda47daff: 115.279, 266.098, 15.7377
0xda47daff: 115.869, 265.836, 13.7705
0x414741ff: 117.689, 266.361, 17.7049
0x404740ff: 118.689, 266.361, 17.7049
0xa346a3ff: 120.098, 266.623, 19.6721
0xa346a3ff: 120.689, 266.361, 17.7049
0xa246a2ff: 121.689, 266.361, 17.7049
0x24602ff: 123.689, 266.361, 17.7049
0x704570ff: 126.869, 265.836, 13.7705
0xc844c8ff: 129.689, 266.361, 17.7049
0xc844c8ff: 130.279, 266.098, 15.7377
0x3a443aff: 131.689, 266.361, 17.7049
0x3a443aff: 132.279, 266.098, 15.7377
0xac43acff: 135.098, 266.623, 19.6721
0xac43acff: 135.689, 266.361, 17.7049
0x224322ff: 137.508, 266.885, 21.6393
0x224322ff: 138.098, 266.623, 19.6721
0x224322ff: 138.689, 266.361, 17.7049
0x944294ff: 139.689, 266.361, 17.7049
0x934293ff: 140.689, 266.361, 17.7049
0x444444ff: 131.689, 265.39, 17.7049
0x444444ff: 132.279, 265.125, 15.7377
0xb843b8ff: 134.098, 265.656, 19.6721
0xb843b8ff: 134.689, 265.39, 17.7049
0xb843b8ff: 135.279, 265.125, 15.7377
0x2c432cff: 137.098, 265.656, 19.6721
0x2c432cff: 137.689, 265.39, 17.7049
0x2c432cff: 138.279, 265.125, 15.7377
